$GPGSA,A,1,,,,,,,,,,,,,,,*1E
$GPVTG,,T,,M,,N,,K,N*2C
$GPRMC,,V,,,,,,,,,,N*53
$GPGGA,,,,,,0,,,,,,,,*66
$GPGSV,3,1,10,02,55,081,,05,00,000,,06,30,126,,12,62,168,*7C
$GPGSV,3,2,10,14,08,229,,19,08,130,,24,58,358,,25,39,226,*71
$GPGSV,3,3,10,29,37,292,,32,12,246,*7C
$GLGSV,2,1,07,86,32,150,20,78,14,215,,77,61,192,,76,47,057,*69
$GLGSV,2,2,07,75,02,043,,88,33,320,,87,82,271,*55
$GPGSA,A,1,,,,,,,,,,,,,,,*1E
$GPVTG,,T,,M,,N,,K,N*2C
$GPRMC,,V,,,,,,,,,,N*53
$GPGGA,,,,,,0,,,,,,,,*66
$GPGSA,A,1,,,,,,,,,,,,,,,*1E
$GPVTG,,T,,M,,N,,K,N*2C
$GPRMC,,V,,,,,,,,,,N*53
$GPGGA,,,,,,0,,,,,,,,*66
$GPGSV,3,1,10,06,30,126,19,12,62,168,28,25,39,226,18,02,55,081,*79
$GPGSV,3,2,10,05,00,000,,14,08,229,,19,08,130,,24,58,358,*7F
$GPGSV,3,3,10,29,37,292,,32,12,246,*7C
$GLGSV,2,1,07,86,32,150,21,78,14,215,,77,61,192,,76,47,057,*68
$GLGSV,2,2,07,75,02,043,,88,33,320,,87,82,271,*55
$GPGSA,A,1,,,,,,,,,,,,,,,*1E
$GPVTG,,T,,M,,N,,K,N*2C
$GPRMC,,V,,,,,,,,,,N*53
$GPGGA,,,,,,0,,,,,,,,*66
$GPGSV,3,1,10,06,30,126,21,12,62,168,30,25,39,226,18,02,55,081,*7B
$GPGSV,3,2,10,05,00,000,,14,08,229,,19,08,130,,24,58,358,*7F
$GPGSV,3,3,10,29,37,292,,32,12,246,*7C
$GLGSV,2,1,07,86,32,150,25,78,14,215,,77,61,192,,76,47,057,*6C
$GLGSV,2,2,07,75,02,043,,88,33,320,,87,82,271,*55
$GPGSA,A,1,,,,,,,,,,,,,,,*1E
$GPVTG,,T,,M,,N,,K,N*2C
$GPRMC,,V,,,,,,,,,,N*53
$GPGGA,,,,,,0,,,,,,,,*66
$GPGSV,3,1,10,06,30,126,20,12,62,168,27,25,39,226,19,02,55,081,*7D
$GPGSV,3,2,10,05,00,000,,14,08,229,,19,08,130,,24,58,358,*7F
$GPGSV,3,3,10,29,37,292,,32,12,246,*7C
$GLGSV,2,1,07,86,32,150,23,87,82,271,16,78,14,215,,77,61,192,*6C
$GLGSV,2,2,07,76,47,057,,75,02,043,,88,33,320,*54
$GPGSA,A,2,06,12,25,,,,,,,,,,2.1,1.9,0.9*33
$GPVTG,262.5,T,262.5,M,29.8,N,55.3,K,A*23
$GPRMC,174300,A,3436.538778,S,05822.893862,W,29.8,262.5,171117,5.4,W,A*31
$GPGGA,174300,3436.538778,S,05822.893862,W,1,03,1.9,21.0,M,22.0,M,,*73
$GPGSV,3,1,10,02,55,081,17,06,30,126,25,12,62,168,28,25,39,226,18*70
$GPGSV,3,2,10,05,00,000,,14,08,229,,19,08,130,,24,58,358,*7F
$GPGSV,3,3,10,29,37,292,,32,12,246,*7C
$GLGSV,2,1,07,86,32,150,23,87,82,271,15,78,14,215,,77,61,192,*6F
$GLGSV,2,2,07,76,47,057,,75,02,043,,88,33,320,*54
$GPGSA,A,3,02,06,12,25,,,,,,,,,2.0,1.8,1.0*38
$GPVTG,263.5,T,263.5,M,29.6,N,54.8,K,A*27
$GPRMC,174301,A,3436.540245,S,05822.902887,W,29.6,263.5,171117,5.4,W,A*39
$GPGGA,174301,3436.540245,S,05822.902887,W,1,04,1.8,19.0,M,22.0,M,,*79
$GPGSV,3,1,10,02,55,081,17,06,30,126,24,12,62,168,25,25,39,226,17*73
$GPGSV,3,2,10,05,00,000,,14,08,229,,19,08,130,,24,58,358,*7F
$GPGSV,3,3,10,29,37,292,,32,12,246,*7C
$GLGSV,2,1,07,86,32,150,17,87,82,271,15,78,14,215,,77,61,192,*68
$GLGSV,2,2,07,76,47,057,,75,02,043,,88,33,320,*54
$GPGSA,A,3,02,06,12,25,,,,,,,,,2.0,1.8,1.0*38
$GPVTG,262.2,T,262.2,M,29.3,N,54.3,K,A*29
$GPRMC,174302,A,3436.543243,S,05822.912219,W,29.3,262.2,171117,5.4,W,A*30
$GPGGA,174302,3436.543243,S,05822.912219,W,1,04,1.8,18.0,M,22.0,M,,*72
$GPGSV,3,1,10,02,55,081,16,06,30,126,24,12,62,168,26,25,39,226,17*71
$GPGSV,3,2,10,05,00,000,,14,08,229,,19,08,130,,24,58,358,*7F
$GPGSV,3,3,10,29,37,292,,32,12,246,*7C
$GLGSV,2,1,07,86,32,150,17,87,82,271,15,78,14,215,,77,61,192,*68
$GLGSV,2,2,07,76,47,057,,75,02,043,,88,33,320,*54
$GPGSA,A,3,02,06,12,25,,,,,,,,,2.0,1.8,1.0*38
$GPVTG,263.3,T,263.3,M,29.3,N,54.2,K,A*28
$GPRMC,174303,A,3436.542873,S,05822.922356,W,29.3,263.3,171117,5.4,W,A*30
$GPGGA,174303,3436.542873,S,05822.922356,W,1,04,1.8,17.0,M,22.0,M,,*7D
$GPGSV,3,1,10,02,55,081,15,06,30,126,25,12,62,168,24,24,58,358,15*7D
$GPGSV,3,2,10,25,39,226,17,05,00,000,,14,08,229,,19,08,130,*77
$GPGSV,3,3,10,29,37,292,,32,12,246,*7C
$GLGSV,2,1,07,86,32,150,16,87,82,271,14,78,14,215,,77,61,192,*68
$GLGSV,2,2,07,76,47,057,,75,02,043,,88,33,320,*54
$GPGSA,A,3,02,06,12,24,25,,,,,,,,1.7,1.4,1.0*36
$GPVTG,252.3,T,252.3,M,25.4,N,47.1,K,A*22
$GPRMC,174304,A,3436.551985,S,05822.926350,W,25.4,252.3,171117,5.4,W,A*36
$GPGGA,174304,3436.551985,S,05822.926350,W,1,05,1.4,17.0,M,22.0,M,,*7F
$GPGSV,3,1,10,02,55,081,16,06,30,126,25,12,62,168,22,24,58,358,15*78
$GPGSV,3,2,10,25,39,226,17,05,00,000,,14,08,229,,19,08,130,*77
$GPGSV,3,3,10,29,37,292,,32,12,246,*7C
$GLGSV,2,1,07,86,32,150,24,87,82,271,14,78,14,215,,77,61,192,*69
$GLGSV,2,2,07,76,47,057,,75,02,043,,88,33,320,*54
$GPGSA,A,3,02,06,12,24,25,,,,,,,,1.7,1.4,1.0*36
$GPVTG,257.9,T,257.9,M,22.8,N,42.2,K,A*2F
$GPRMC,174305,A,3436.549453,S,05822.932506,W,22.8,257.9,171117,5.4,W,A*3C
$GPGGA,174305,3436.549453,S,05822.932506,W,1,05,1.4,18.0,M,22.0,M,,*7E
$GPGSV,3,1,10,02,55,081,17,06,30,126,20,12,62,168,34,24,58,358,15*7B
$GPGSV,3,2,10,25,39,226,16,05,00,000,,14,08,229,,19,08,130,*76
$GPGSV,3,3,10,29,37,292,,32,12,246,*7C
$GLGSV,2,1,07,86,32,150,24,77,61,192,14,87,82,271,14,78,14,215,*6C
$GLGSV,2,2,07,76,47,057,,75,02,043,,88,33,320,*54
$GPGSA,A,3,02,06,12,24,25,,,,,,,,1.7,1.4,1.0*36
$GPVTG,258.1,T,258.1,M,23.0,N,42.5,K,A*21
$GPRMC,174306,A,3436.551141,S,05822.940924,W,23.0,258.1,171117,5.4,W,A*37
$GPGGA,174306,3436.551141,S,05822.940924,W,1,05,1.4,19.0,M,22.0,M,,*7A
$GPGSV,3,1,10,02,55,081,18,06,30,126,20,12,62,168,29,24,58,358,14*79
$GPGSV,3,2,10,25,39,226,16,05,00,000,,14,08,229,,19,08,130,*76
$GPGSV,3,3,10,29,37,292,,32,12,246,*7C
$GLGSV,2,1,07,86,32,150,24,77,61,192,13,87,82,271,14,78,14,215,*6B
$GLGSV,2,2,07,76,47,057,,75,02,043,,88,33,320,*54
$GPGSA,A,3,02,06,12,24,25,,,,,,,,1.7,1.4,1.0*36
$GPVTG,259.2,T,259.2,M,22.8,N,42.2,K,A*2F
$GPRMC,174307,A,3436.552707,S,05822.947784,W,22.8,259.2,171117,5.4,W,A*39
$GPGGA,174307,3436.552707,S,05822.947784,W,1,05,1.4,18.0,M,22.0,M,,*7E
$GPGSV,3,1,10,02,55,081,20,06,30,126,20,12,62,168,28,24,58,358,14*73
$GPGSV,3,2,10,25,39,226,15,05,00,000,,14,08,229,,19,08,130,*75
$GPGSV,3,3,10,29,37,292,,32,12,246,*7C
$GLGSV,2,1,07,86,32,150,24,77,61,192,13,87,82,271,14,78,14,215,*6B
$GLGSV,2,2,07,76,47,057,,75,02,043,,88,33,320,*54
$GPGSA,A,3,02,06,12,24,25,,,,,,,,1.7,1.4,1.0*36
$GPVTG,256.5,T,256.5,M,23.5,N,43.6,K,A*26
$GPRMC,174308,A,3436.559577,S,05822.956270,W,23.5,256.5,171117,5.4,W,A*32
$GPGGA,174308,3436.559577,S,05822.956270,W,1,05,1.4,18.0,M,22.0,M,,*71
$GPGSV,3,1,10,02,55,081,21,06,30,126,20,12,62,168,30,24,58,358,14*7B
$GPGSV,3,2,10,25,39,226,15,05,00,000,,14,08,229,,19,08,130,*75
$GPGSV,3,3,10,29,37,292,,32,12,246,*7C
$GLGSV,2,1,07,86,32,150,24,77,61,192,25,87,82,271,13,78,14,215,*69
$GLGSV,2,2,07,76,47,057,,75,02,043,,88,33,320,*54
$GPGSA,A,3,02,06,12,24,25,,,,,,,,1.7,1.4,1.0*36
$GPVTG,256.4,T,256.4,M,23.0,N,42.6,K,A*22
$GPRMC,174309,A,3436.560617,S,05822.962770,W,23.0,256.4,171117,5.4,W,A*3A
$GPGGA,174309,3436.560617,S,05822.962770,W,1,05,1.4,18.0,M,22.0,M,,*7D
$GPGSV,3,1,10,02,55,081,18,06,30,126,20,12,62,168,25,24,58,358,14*75
$GPGSV,3,2,10,25,39,226,15,05,00,000,,14,08,229,,19,08,130,*75
$GPGSV,3,3,10,29,37,292,,32,12,246,*7C
$GLGSV,2,1,07,86,32,150,24,77,61,192,22,87,82,271,13,78,14,215,*6E
$GLGSV,2,2,07,76,47,057,,75,02,043,,88,33,320,*54
$GPGSA,A,3,02,06,12,24,25,,,,,,,,1.7,1.4,1.0*36
$GPVTG,266.7,T,266.7,M,18.1,N,33.6,K,A*2D
$GPRMC,174310,A,3436.555583,S,05822.962844,W,18.1,266.7,171117,5.4,W,A*3B
$GPGGA,174310,3436.555583,S,05822.962844,W,1,05,1.4,22.0,M,22.0,M,,*7C
$GPGSV,3,1,10,02,55,081,18,06,30,126,20,12,62,168,28,24,58,358,14*78
$GPGSV,3,2,10,25,39,226,15,05,00,000,,14,08,229,,19,08,130,*75
$GPGSV,3,3,10,29,37,292,,32,12,246,*7C
$GLGSV,2,1,07,86,32,150,24,77,61,192,21,87,82,271,13,78,14,215,*6D
$GLGSV,2,2,07,76,47,057,,75,02,043,,88,33,320,*54
$GPGSA,A,3,02,06,12,24,25,,,,,,,,1.7,1.5,1.0*37
$GPVTG,264.5,T,264.5,M,17.8,N,33.0,K,A*2D
$GPRMC,174311,A,3436.556448,S,05822.967884,W,17.8,264.5,171117,5.4,W,A*30
$GPGGA,174311,3436.556448,S,05822.967884,W,1,05,1.5,23.0,M,22.0,M,,*71
$GPGSV,3,1,10,02,55,081,18,06,30,126,20,12,62,168,28,24,58,358,14*78
$GPGSV,3,2,10,25,39,226,15,05,00,000,,14,08,229,,19,08,130,*75
$GPGSV,3,3,10,29,37,292,,32,12,246,*7C
$GLGSV,2,1,07,86,32,150,24,77,61,192,23,87,82,271,13,78,14,215,*6F
$GLGSV,2,2,07,76,47,057,,75,02,043,,88,33,320,*54
$GPGSA,A,3,02,06,12,24,25,,,,,,,,2.1,1.9,1.0*3E
$GPVTG,266.1,T,266.1,M,18.0,N,33.4,K,A*2E
$GPRMC,174312,A,3436.551962,S,05822.975135,W,18.0,266.1,171117,5.4,W,A*30
$GPGGA,174312,3436.551962,S,05822.975135,W,1,05,1.9,20.0,M,22.0,M,,*7F
$GPGSV,3,1,10,02,55,081,21,06,30,126,20,12,62,168,28,24,58,358,14*72
$GPGSV,3,2,10,25,39,226,19,05,00,000,,14,08,229,,19,08,130,*79
$GPGSV,3,3,10,29,37,292,,32,12,246,*7C
$GLGSV,2,1,07,86,32,150,24,77,61,192,22,87,82,271,13,78,14,215,*6E
$GLGSV,2,2,07,76,47,057,,75,02,043,,88,33,320,*54
$GPGSA,A,3,02,06,12,24,25,,,,,,,,2.1,1.9,1.0*3E
$GPVTG,271.2,T,271.2,M,18.2,N,33.7,K,A*2F
$GPRMC,174313,A,3436.546067,S,05822.983157,W,18.2,271.2,171117,5.4,W,A*31
$GPGGA,174313,3436.546067,S,05822.983157,W,1,05,1.9,16.0,M,22.0,M,,*7C
$GPGSV,3,1,10,02,55,081,21,06,30,126,20,12,62,168,27,24,58,358,14*7D
$GPGSV,3,2,10,25,39,226,19,05,00,000,,14,08,229,,19,08,130,*79
$GPGSV,3,3,10,29,37,292,,32,12,246,*7C
$GLGSV,2,1,07,86,32,150,24,77,61,192,21,87,82,271,13,78,14,215,*6D
$GLGSV,2,2,07,76,47,057,,75,02,043,,88,33,320,*54
$GPGSA,A,3,02,06,12,24,25,,,,,,,,2.1,1.9,1.0*3E
$GPVTG,271.2,T,271.2,M,19.4,N,36.0,K,A*2A
$GPRMC,174314,A,3436.544354,S,05822.992960,W,19.4,271.2,171117,5.4,W,A*3C
$GPGGA,174314,3436.544354,S,05822.992960,W,1,05,1.9,16.0,M,22.0,M,,*76
$GPGSV,3,1,10,02,55,081,17,06,30,126,20,12,62,168,28,24,58,358,14*77
$GPGSV,3,2,10,25,39,226,19,05,00,000,,14,08,229,,19,08,130,*79
$GPGSV,3,3,10,29,37,292,,32,12,246,*7C
$GLGSV,2,1,07,86,32,150,24,77,61,192,24,87,82,271,13,78,14,215,*68
$GLGSV,2,2,07,76,47,057,,75,02,043,,88,33,320,*54
$GPGSA,A,3,02,06,12,24,25,,,,,,,,5.3,5.2,1.0*34
$GPVTG,276.6,T,276.6,M,17.4,N,32.2,K,A*22
$GPRMC,174315,A,3436.539560,S,05822.995078,W,17.4,276.6,171117,5.4,W,A*3C
$GPGGA,174315,3436.539560,S,05822.995078,W,1,05,5.2,17.0,M,22.0,M,,*75
$GPGSV,3,1,10,02,55,081,17,06,30,126,20,12,62,168,25,24,58,358,14*7A
$GPGSV,3,2,10,25,39,226,19,05,00,000,,14,08,229,,19,08,130,*79
$GPGSV,3,3,10,29,37,292,,32,12,246,*7C
$GLGSV,2,1,07,86,32,150,24,77,61,192,21,87,82,271,13,78,14,215,*6D
$GLGSV,2,2,07,76,47,057,,75,02,043,,88,33,320,*54
$GPGSA,A,3,02,06,12,24,25,,,,,,,,5.3,5.2,1.0*34
$GPVTG,277.9,T,277.9,M,18.5,N,34.3,K,A*2B
$GPRMC,174316,A,3436.537884,S,05823.004265,W,18.5,277.9,171117,5.4,W,A*38
$GPGGA,174316,3436.537884,S,05823.004265,W,1,05,5.2,17.0,M,22.0,M,,*71
$GPGSV,3,1,10,02,55,081,17,06,30,126,20,12,62,168,28,24,58,358,14*77
$GPGSV,3,2,10,25,39,226,19,05,00,000,,14,08,229,,19,08,130,*79
$GPGSV,3,3,10,29,37,292,,32,12,246,*7C
$GLGSV,2,1,07,86,32,150,07,77,61,192,23,87,82,271,13,78,14,215,*6E
$GLGSV,2,2,07,76,47,057,,75,02,043,,88,33,320,*54
$GPGSA,A,3,02,06,12,24,25,,,,,,,,2.7,2.5,1.0*37
$GPVTG,275.8,T,275.8,M,16.5,N,30.6,K,A*24
$GPRMC,174317,A,3436.540635,S,05823.005459,W,16.5,275.8,171117,5.4,W,A*38
$GPGGA,174317,3436.540635,S,05823.005459,W,1,05,2.5,17.0,M,22.0,M,,*7C
$GPGSV,3,1,10,02,55,081,17,06,30,126,10,12,62,168,28,24,58,358,14*74
$GPGSV,3,2,10,25,39,226,19,05,00,000,,14,08,229,,19,08,130,*79
$GPGSV,3,3,10,29,37,292,,32,12,246,*7C
$GLGSV,2,1,07,86,32,150,07,77,61,192,23,87,82,271,13,78,14,215,*6E
$GLGSV,2,2,07,76,47,057,,75,02,043,,88,33,320,*54
$GPGSA,A,3,02,06,12,24,25,,,,,,,,2.4,2.2,1.0*33
$GPVTG,277.2,T,277.2,M,15.5,N,28.6,K,A*2E
$GPRMC,174318,A,3436.541211,S,05823.007594,W,15.5,277.2,171117,5.4,W,A*3D
$GPGGA,174318,3436.541211,S,05823.007594,W,1,05,2.2,18.0,M,22.0,M,,*7A
$GPGSV,3,1,10,02,55,081,15,06,30,126,10,12,62,168,29,24,58,358,14*77
$GPGSV,3,2,10,25,39,226,13,05,00,000,,14,08,229,,19,08,130,*73
$GPGSV,3,3,10,29,37,292,,32,12,246,*7C
$GLGSV,2,1,07,86,32,150,07,77,61,192,22,76,47,057,12,87,82,271,13*60
$GLGSV,2,2,07,78,14,215,,75,02,043,,88,33,320,*58
$GPGSA,A,3,02,06,12,24,25,,,,,,,,1.8,1.5,1.0*38
$GPVTG,274.4,T,274.4,M,13.2,N,24.4,K,A*21
$GPRMC,174319,A,3436.543590,S,05823.005695,W,13.2,274.4,171117,5.4,W,A*34
$GPGGA,174319,3436.543590,S,05823.005695,W,1,05,1.5,21.0,M,22.0,M,,*79
$GPGSV,3,1,10,02,55,081,18,06,30,126,10,12,62,168,29,24,58,358,14*7A
$GPGSV,3,2,10,25,39,226,13,29,37,292,11,05,00,000,,14,08,229,*77
$GPGSV,3,3,10,19,08,130,,32,12,246,*78
$GLGSV,2,1,07,86,32,150,07,77,61,192,21,76,47,057,12,87,82,271,13*63
$GLGSV,2,2,07,78,14,215,,75,02,043,,88,33,320,*58
$GPGSA,A,3,02,06,12,24,25,29,,,,,,,1.5,1.2,0.9*31
$GPVTG,294.0,T,294.0,M,10.4,N,19.2,K,A*2C
$GPRMC,174320,A,3436.535193,S,05823.000883,W,10.4,294.0,171117,5.4,W,A*3B
$GPGGA,174320,3436.535193,S,05823.000883,W,1,06,1.2,21.0,M,22.0,M,,*7D
$GPGSV,3,1,10,02,55,081,18,06,30,126,10,12,62,168,25,24,58,358,14*76
$GPGSV,3,2,10,25,39,226,18,29,37,292,11,05,00,000,,14,08,229,*7C
$GPGSV,3,3,10,19,08,130,,32,12,246,*78
$GLGSV,2,1,07,86,32,150,07,77,61,192,20,76,47,057,11,87,82,271,13*61
$GLGSV,2,2,07,78,14,215,,75,02,043,,88,33,320,*58
$GPGSA,A,3,02,06,12,24,25,29,,,,,,,1.5,1.2,0.9*31
$GPVTG,301.2,T,301.2,M,7.7,N,14.3,K,A*15
$GPRMC,174321,A,3436.536901,S,05822.999972,W,7.7,301.2,171117,5.4,W,A*07
$GPGGA,174321,3436.536901,S,05822.999972,W,1,06,1.2,24.0,M,22.0,M,,*7E
$GPGSV,3,1,10,02,55,081,18,06,30,126,10,12,62,168,26,24,58,358,14*75
$GPGSV,3,2,10,25,39,226,21,29,37,292,11,05,00,000,,14,08,229,*76
$GPGSV,3,3,10,19,08,130,,32,12,246,*78
$GLGSV,2,1,07,86,32,150,07,77,61,192,21,76,47,057,11,87,82,271,17*64
$GLGSV,2,2,07,78,14,215,,75,02,043,,88,33,320,*58
$GPGSA,A,3,02,06,12,24,25,29,,,,,,,1.5,1.1,0.9*32
$GPVTG,319.5,T,319.5,M,10.7,N,19.8,K,A*25
$GPRMC,174322,A,3436.525101,S,05823.002081,W,10.7,319.5,171117,5.4,W,A*39
$GPGGA,174322,3436.525101,S,05823.002081,W,1,06,1.1,34.0,M,22.0,M,,*7A
$GPGSV,3,1,10,02,55,081,18,06,30,126,10,12,62,168,20,24,58,358,14*73
$GPGSV,3,2,10,25,39,226,21,29,37,292,11,05,00,000,,14,08,229,*76
$GPGSV,3,3,10,19,08,130,,32,12,246,*78
$GLGSV,2,1,07,86,32,150,07,77,61,192,21,76,47,057,11,87,82,271,17*64
$GLGSV,2,2,07,78,14,215,,75,02,043,,88,33,320,*58
$GPGSA,A,3,02,06,12,24,25,29,,,,,,,1.6,1.3,0.9*33
$GPVTG,320.9,T,320.9,M,10.7,N,19.9,K,A*24
$GPRMC,174323,A,3436.522875,S,05823.004372,W,10.7,320.9,171117,5.4,W,A*3A
$GPGGA,174323,3436.522875,S,05823.004372,W,1,06,1.3,34.0,M,22.0,M,,*7D
$GPGSV,3,1,10,02,55,081,14,06,30,126,10,12,62,168,22,24,58,358,14*7D
$GPGSV,3,2,10,25,39,226,21,29,37,292,11,05,00,000,,14,08,229,*76
$GPGSV,3,3,10,19,08,130,,32,12,246,*78
$GLGSV,2,1,07,86,32,150,07,77,61,192,21,76,47,057,14,87,82,271,17*61
$GLGSV,2,2,07,78,14,215,,75,02,043,,88,33,320,*58
$GPGSA,A,3,02,06,12,24,25,29,,,,,,,1.7,1.5,1.0*3C
$GPVTG,302.9,T,302.9,M,9.9,N,18.4,K,A*1E
$GPRMC,174324,A,3436.528104,S,05823.008864,W,9.9,302.9,171117,5.4,W,A*0E
$GPGGA,174324,3436.528104,S,05823.008864,W,1,06,1.5,36.0,M,22.0,M,,*7B
$GPGSV,3,1,10,02,55,081,19,06,30,126,10,12,62,168,24,24,58,358,14*76
$GPGSV,3,2,10,25,39,226,16,29,37,292,15,05,00,000,,14,08,229,*76
$GPGSV,3,3,10,19,08,130,,32,12,246,*78
$GLGSV,2,1,07,86,32,150,07,77,61,192,21,76,47,057,14,87,82,271,17*61
$GLGSV,2,2,07,78,14,215,,75,02,043,,88,33,320,*58
$GPGSA,A,3,02,06,12,24,25,29,,,,,,,1.7,1.5,1.0*3C
$GPVTG,254.1,T,254.1,M,7.1,N,13.2,K,A*15
$GPRMC,174325,A,3436.543706,S,05823.004413,W,7.1,254.1,171117,5.4,W,A*0A
$GPGGA,174325,3436.543706,S,05823.004413,W,1,06,1.5,34.0,M,22.0,M,,*71
$GPGSV,3,1,10,02,55,081,19,06,30,126,10,12,62,168,24,24,58,358,14*76
$GPGSV,3,2,10,25,39,226,19,29,37,292,15,05,00,000,,14,08,229,*79
$GPGSV,3,3,10,19,08,130,,32,12,246,*78
$GLGSV,2,1,07,86,32,150,07,77,61,192,15,76,47,057,14,87,82,271,17*66
$GLGSV,2,2,07,78,14,215,,75,02,043,,88,33,320,*58
$GPGSA,A,3,02,06,12,24,25,29,,,,,,,1.7,1.5,1.0*3C
$GPVTG,247.5,T,247.5,M,8.7,N,16.1,K,A*1A
$GPRMC,174326,A,3436.545908,S,05823.002822,W,8.7,247.5,171117,5.4,W,A*08
$GPGGA,174326,3436.545908,S,05823.002822,W,1,06,1.5,36.0,M,22.0,M,,*7E
$GPGSV,3,1,10,02,55,081,19,06,30,126,10,12,62,168,17,24,58,358,14*76
$GPGSV,3,2,10,25,39,226,19,29,37,292,15,05,00,000,,14,08,229,*79
$GPGSV,3,3,10,19,08,130,,32,12,246,*78
$GLGSV,2,1,07,86,32,150,07,77,61,192,15,76,47,057,14,87,82,271,17*66
$GLGSV,2,2,07,78,14,215,,75,02,043,,88,33,320,*58
$GPGSA,A,3,02,06,12,24,25,29,,,,,,,1.7,1.5,1.0*3C
$GPVTG,254.9,T,254.9,M,9.0,N,16.6,K,A*1B
$GPRMC,174327,A,3436.546178,S,05823.006257,W,9.0,254.9,171117,5.4,W,A*01
$GPGGA,174327,3436.546178,S,05823.006257,W,1,06,1.5,36.0,M,22.0,M,,*7F
$GPGSV,3,1,10,02,55,081,19,06,30,126,10,12,62,168,17,25,39,226,19*75
$GPGSV,3,2,10,29,37,292,15,05,00,000,,14,08,229,,19,08,130,*78
$GPGSV,3,3,10,24,58,358,,32,12,246,*7F
$GLGSV,2,1,07,86,32,150,07,77,61,192,15,76,47,057,14,87,82,271,17*66
$GLGSV,2,2,07,78,14,215,,75,02,043,,88,33,320,*58
$GPGSA,A,3,02,06,12,25,29,,,,,,,,1.8,1.5,1.0*35
$GPVTG,254.9,T,254.9,M,9.0,N,16.6,K,A*1B
$GPRMC,174328,A,3436.546827,S,05823.009151,W,9.0,254.9,171117,5.4,W,A*07
$GPGGA,174328,3436.546827,S,05823.009151,W,1,05,1.5,36.0,M,22.0,M,,*7A
$GPGSV,3,1,10,02,55,081,19,06,30,126,10,12,62,168,17,25,39,226,19*75
$GPGSV,3,2,10,29,37,292,15,05,00,000,,14,08,229,,19,08,130,*78
$GPGSV,3,3,10,24,58,358,,32,12,246,*7F
$GLGSV,2,1,07,86,32,150,07,77,61,192,15,76,47,057,14,87,82,271,17*66
$GLGSV,2,2,07,78,14,215,,75,02,043,,88,33,320,*58
$GPGSA,A,3,02,06,12,25,29,,,,,,,,1.8,1.5,1.0*35
$GPVTG,256.2,T,256.2,M,9.0,N,16.6,K,A*1B
$GPRMC,174329,A,3436.547556,S,05823.011922,W,9.0,256.2,171117,5.4,W,A*00
$GPGGA,174329,3436.547556,S,05823.011922,W,1,05,1.5,35.0,M,22.0,M,,*77
$GPGSV,3,1,10,02,55,081,19,06,30,126,10,12,62,168,26,25,39,226,19*77
$GPGSV,3,2,10,29,37,292,15,05,00,000,,14,08,229,,19,08,130,*78
$GPGSV,3,3,10,24,58,358,,32,12,246,*7F
$GLGSV,2,1,07,86,32,150,07,77,61,192,15,76,47,057,14,87,82,271,17*66
$GLGSV,2,2,07,78,14,215,,75,02,043,,88,33,320,*58
$GPGSA,A,3,02,06,12,25,29,,,,,,,,2.0,1.7,1.0*3C
$GPVTG,260.7,T,260.7,M,9.3,N,17.2,K,A*1D
$GPRMC,174330,A,3436.546860,S,05823.015706,W,9.3,260.7,171117,5.4,W,A*0E
$GPGGA,174330,3436.546860,S,05823.015706,W,1,05,1.7,41.0,M,22.0,M,,*7B
$GPGSV,3,1,10,02,55,081,19,06,30,126,10,12,62,168,18,25,39,226,19*7A
$GPGSV,3,2,10,29,37,292,15,05,00,000,,14,08,229,,19,08,130,*78
$GPGSV,3,3,10,24,58,358,,32,12,246,*7F
$GLGSV,2,1,07,86,32,150,07,77,61,192,15,76,47,057,14,87,82,271,17*66
$GLGSV,2,2,07,78,14,215,,75,02,043,,88,33,320,*58
$GPGSA,A,3,02,06,12,25,29,,,,,,,,500.0,500.0,500.0*3C
$GPVTG,259.4,T,259.4,M,9.1,N,16.9,K,A*15
$GPRMC,174331,A,3436.547523,S,05823.018477,W,9.1,259.4,171117,5.4,W,A*07
$GPGGA,174331,3436.547523,S,05823.018477,W,1,05,500.0,41.0,M,22.0,M,,*7A
$GPGSV,3,1,10,02,55,081,19,06,30,126,10,12,62,168,20,25,39,226,19*71
$GPGSV,3,2,10,29,37,292,15,05,00,000,,14,08,229,,19,08,130,*78
$GPGSV,3,3,10,24,58,358,,32,12,246,*7F
$GLGSV,2,1,07,86,32,150,07,77,61,192,15,76,47,057,14,87,82,271,17*66
$GLGSV,2,2,07,78,14,215,,75,02,043,,88,33,320,*58
$GPGSA,A,3,02,06,12,25,29,,,,,,,,500.0,500.0,500.0*3C
$GPVTG,260.5,T,260.5,M,9.2,N,17.0,K,A*1E
$GPRMC,174332,A,3436.548848,S,05823.019225,W,9.2,260.5,171117,5.4,W,A*03
$GPGGA,174332,3436.548848,S,05823.019225,W,1,05,500.0,19.0,M,22.0,M,,*7B
$GPGSV,3,1,10,02,55,081,19,06,30,126,10,12,62,168,18,25,39,226,19*7A
$GPGSV,3,2,10,29,37,292,15,05,00,000,,14,08,229,,19,08,130,*78
$GPGSV,3,3,10,24,58,358,,32,12,246,*7F
$GLGSV,2,1,07,86,32,150,07,77,61,192,15,76,47,057,14,87,82,271,17*66
$GLGSV,2,2,07,78,14,215,,75,02,043,,88,33,320,*58
$GPGSA,A,1,,,,,,,,,,,,,,,*1E
$GPVTG,,T,,M,,N,,K,N*2C
$GPRMC,,V,,,,,,,,,,N*53
$GPGGA,,,,,,0,,,,,,,,*66
$GPGSV,3,1,10,02,55,081,19,06,30,126,10,12,62,168,18,25,39,226,19*7A
$GPGSV,3,2,10,29,37,292,15,05,00,000,,14,08,229,,19,08,130,*78
$GPGSV,3,3,10,24,58,358,,32,12,246,*7F
$GLGSV,2,1,07,86,32,150,07,77,61,192,15,76,47,057,14,87,82,271,17*66
$GLGSV,2,2,07,78,14,215,,75,02,043,,88,33,320,*58
$GPGSA,A,1,,,,,,,,,,,,,,,*1E
$GPVTG,,T,,M,,N,,K,N*2C
$GPRMC,,V,,,,,,,,,,N*53
$GPGGA,,,,,,0,,,,,,,,*66
$GPGSV,3,1,10,02,55,081,19,06,30,126,10,12,62,168,15,25,39,226,19*77
$GPGSV,3,2,10,29,37,292,15,05,00,000,,14,08,229,,19,08,130,*78
$GPGSV,3,3,10,24,58,358,,32,12,246,*7F
$GLGSV,2,1,07,86,32,150,07,77,61,192,15,76,47,057,14,87,82,271,17*66
$GLGSV,2,2,07,78,14,215,,75,02,043,,88,33,320,*58
$GPGSA,A,1,,,,,,,,,,,,,,,*1E
$GPVTG,,T,,M,,N,,K,N*2C
$GPRMC,,V,,,,,,,,,,N*53
$GPGGA,,,,,,0,,,,,,,,*66
$GPGSV,3,1,10,02,55,081,19,06,30,126,10,12,62,168,16,25,39,226,19*74
$GPGSV,3,2,10,29,37,292,15,05,00,000,,14,08,229,,19,08,130,*78
$GPGSV,3,3,10,24,58,358,,32,12,246,*7F
$GLGSV,2,1,07,86,32,150,11,77,61,192,15,76,47,057,14,87,82,271,17*61
$GLGSV,2,2,07,78,14,215,,75,02,043,,88,33,320,*58
$GPGSA,A,3,02,06,12,25,29,,,,,,,,500.0,500.0,500.0*3C
$GPVTG,263.0,T,263.0,M,9.4,N,17.4,K,A*1C
$GPRMC,174336,A,3436.544795,S,05823.037503,W,9.4,263.0,171117,5.4,W,A*0B
$GPGGA,174336,3436.544795,S,05823.037503,W,1,05,500.0,41.0,M,22.0,M,,*7E
$GPGSV,3,1,10,02,55,081,19,12,62,168,16,25,39,226,19,29,37,292,15*77
$GPGSV,3,2,10,05,00,000,,06,30,126,,14,08,229,,19,08,130,*7A
$GPGSV,3,3,10,24,58,358,,32,12,246,*7F
$GLGSV,2,1,07,86,32,150,11,77,61,192,15,76,47,057,14,87,82,271,17*61
$GLGSV,2,2,07,78,14,215,,75,02,043,,88,33,320,*58
$GPGSA,A,3,02,12,25,29,,,,,,,,,500.0,500.0,500.0*3A
$GPVTG,263.0,T,263.0,M,9.4,N,17.4,K,A*1C
$GPRMC,174337,A,3436.545104,S,05823.040548,W,9.4,263.0,171117,5.4,W,A*0A
$GPGGA,174337,3436.545104,S,05823.040548,W,1,04,500.0,41.0,M,22.0,M,,*7E
$GPGSV,3,1,10,02,55,081,19,12,62,168,16,25,39,226,19,29,37,292,15*77
$GPGSV,3,2,10,05,00,000,,06,30,126,,14,08,229,,19,08,130,*7A
$GPGSV,3,3,10,24,58,358,,32,12,246,*7F
$GLGSV,2,1,07,86,32,150,11,77,61,192,15,76,47,057,14,87,82,271,17*61
$GLGSV,2,2,07,78,14,215,,75,02,043,,88,33,320,*58
$GPGSA,A,3,02,12,25,29,,,,,,,,,500.0,500.0,500.0*3A
$GPVTG,263.0,T,263.0,M,9.3,N,17.2,K,A*1D
$GPRMC,174338,A,3436.545408,S,05823.043560,W,9.3,263.0,171117,5.4,W,A*02
$GPGGA,174338,3436.545408,S,05823.043560,W,1,04,500.0,41.0,M,22.0,M,,*71
$GPGSV,3,1,10,02,55,081,19,12,62,168,16,25,39,226,19,29,37,292,15*77
$GPGSV,3,2,10,05,00,000,,06,30,126,,14,08,229,,19,08,130,*7A
$GPGSV,3,3,10,24,58,358,,32,12,246,*7F
$GLGSV,2,1,07,86,32,150,11,77,61,192,15,76,47,057,14,87,82,271,17*61
$GLGSV,2,2,07,78,14,215,,75,02,043,,88,33,320,*58
$GPGSA,A,1,,,,,,,,,,,,,,,*1E
$GPVTG,,T,,M,,N,,K,N*2C
$GPRMC,,V,,,,,,,,,,N*53
$GPGGA,,,,,,0,,,,,,,,*66
$GPGSV,3,1,10,02,55,081,19,12,62,168,16,25,39,226,19,29,37,292,15*77
$GPGSV,3,2,10,05,00,000,,06,30,126,,14,08,229,,19,08,130,*7A
$GPGSV,3,3,10,24,58,358,,32,12,246,*7F
$GLGSV,2,1,07,86,32,150,11,77,61,192,15,76,47,057,14,87,82,271,17*61
$GLGSV,2,2,07,78,14,215,,75,02,043,,88,33,320,*58
$GPGSA,A,1,,,,,,,,,,,,,,,*1E
$GPVTG,,T,,M,,N,,K,N*2C
$GPRMC,,V,,,,,,,,,,N*53
$GPGGA,,,,,,0,,,,,,,,*66
$GPGSV,3,1,10,02,55,081,19,12,62,168,13,25,39,226,19,29,37,292,14*73
$GPGSV,3,2,10,05,00,000,,06,30,126,,14,08,229,,19,08,130,*7A
$GPGSV,3,3,10,24,58,358,,32,12,246,*7F
$GLGSV,2,1,07,86,32,150,11,77,61,192,15,76,47,057,14,87,82,271,17*61
$GLGSV,2,2,07,78,14,215,,75,02,043,,88,33,320,*58
$GPGSA,A,1,,,,,,,,,,,,,,,*1E
$GPVTG,,T,,M,,N,,K,N*2C
$GPRMC,,V,,,,,,,,,,N*53
$GPGGA,,,,,,0,,,,,,,,*66
$GPGSV,3,1,10,02,55,081,19,12,62,168,13,25,39,226,19,29,37,292,14*73
$GPGSV,3,2,10,05,00,000,,06,30,126,,14,08,229,,19,08,130,*7A
$GPGSV,3,3,10,24,58,358,,32,12,246,*7F
$GLGSV,2,1,07,86,32,150,11,77,61,192,15,76,47,057,14,87,82,271,17*61
$GLGSV,2,2,07,78,14,215,,75,02,043,,88,33,320,*58
$GPGSA,A,1,,,,,,,,,,,,,,,*1E
$GPVTG,,T,,M,,N,,K,N*2C
$GPRMC,,V,,,,,,,,,,N*53
$GPGGA,,,,,,0,,,,,,,,*66
$GPGSV,3,1,10,02,55,081,19,12,62,168,13,25,39,226,19,29,37,292,14*73
$GPGSV,3,2,10,05,00,000,,06,30,126,,14,08,229,,19,08,130,*7A
$GPGSV,3,3,10,24,58,358,,32,12,246,*7F
$GLGSV,2,1,07,86,32,150,11,77,61,192,15,76,47,057,14,87,82,271,17*61
$GLGSV,2,2,07,78,14,215,,75,02,043,,88,33,320,*58
$GPGSA,A,1,,,,,,,,,,,,,,,*1E
$GPVTG,,T,,M,,N,,K,N*2C
$GPRMC,,V,,,,,,,,,,N*53
$GPGGA,,,,,,0,,,,,,,,*66
$GPGSV,3,1,10,02,55,081,19,12,62,168,15,25,39,226,19,29,37,292,14*75
$GPGSV,3,2,10,05,00,000,,06,30,126,,14,08,229,,19,08,130,*7A
$GPGSV,3,3,10,24,58,358,,32,12,246,*7F
$GLGSV,2,1,07,86,32,150,11,77,61,192,15,76,47,057,14,87,82,271,17*61
$GLGSV,2,2,07,78,14,215,,75,02,043,,88,33,320,*58
$GPGSA,A,1,,,,,,,,,,,,,,,*1E
$GPVTG,,T,,M,,N,,K,N*2C
$GPRMC,,V,,,,,,,,,,N*53
$GPGGA,,,,,,0,,,,,,,,*66
$GPGSV,3,1,10,02,55,081,19,12,62,168,24,24,58,358,16,25,39,226,19*76
$GPGSV,3,2,10,29,37,292,14,05,00,000,,06,30,126,,14,08,229,*7B
$GPGSV,3,3,10,19,08,130,,32,12,246,*78
$GLGSV,2,1,07,86,32,150,11,77,61,192,15,76,47,057,14,87,82,271,17*61
$GLGSV,2,2,07,78,14,215,,75,02,043,,88,33,320,*58
$GPGSA,A,1,,,,,,,,,,,,,,,*1E
$GPVTG,,T,,M,,N,,K,N*2C
$GPRMC,,V,,,,,,,,,,N*53
$GPGGA,,,,,,0,,,,,,,,*66
$GPGSV,3,1,10,02,55,081,19,12,62,168,24,24,58,358,16,25,39,226,19*76
$GPGSV,3,2,10,29,37,292,14,05,00,000,,06,30,126,,14,08,229,*7B
$GPGSV,3,3,10,19,08,130,,32,12,246,*78
$GLGSV,2,1,06,86,32,150,11,77,61,192,15,76,47,057,14,78,14,215,*6B
$GLGSV,2,2,06,75,02,043,,88,33,320,*65
$GPGSA,A,1,,,,,,,,,,,,,,,*1E
$GPVTG,,T,,M,,N,,K,N*2C
$GPRMC,,V,,,,,,,,,,N*53
$GPGGA,,,,,,0,,,,,,,,*66
$GPGSV,3,1,10,02,55,081,19,12,62,168,24,24,58,358,16,25,39,226,19*76
$GPGSV,3,2,10,29,37,292,14,05,00,000,,06,30,126,,14,08,229,*7B
$GPGSV,3,3,10,19,08,130,,32,12,246,*78
$GLGSV,2,1,07,86,32,150,11,77,61,192,15,76,47,057,14,78,14,215,*6A
$GLGSV,2,2,07,75,02,043,,88,33,320,,87,82,271,*55
$GPGSA,A,1,,,,,,,,,,,,,,,*1E
$GPVTG,,T,,M,,N,,K,N*2C
$GPRMC,,V,,,,,,,,,,N*53
$GPGGA,,,,,,0,,,,,,,,*66
$GPGSV,3,1,10,02,55,081,19,12,62,168,24,24,58,358,15,25,39,226,19*75
$GPGSV,3,2,10,29,37,292,14,05,00,000,,06,30,126,,14,08,229,*7B
$GPGSV,3,3,10,19,08,130,,32,12,246,*78
$GLGSV,2,1,06,86,32,150,11,77,61,192,15,78,14,215,,75,02,043,*69
$GLGSV,2,2,06,88,33,320,,87,82,271,*63
$GPGSA,A,1,,,,,,,,,,,,,,,*1E
$GPVTG,,T,,M,,N,,K,N*2C
$GPRMC,,V,,,,,,,,,,N*53
$GPGGA,,,,,,0,,,,,,,,*66
$GPGSV,3,1,10,02,55,081,19,12,62,168,14,24,58,358,15,25,39,226,19*76
$GPGSV,3,2,10,29,37,292,14,05,00,000,,06,30,126,,14,08,229,*7B
$GPGSV,3,3,10,19,08,130,,32,12,246,*78
$GLGSV,2,1,06,86,32,150,11,78,14,215,,76,47,057,,75,02,043,*60
$GLGSV,2,2,06,88,33,320,,87,82,271,*63
$GPGSA,A,1,,,,,,,,,,,,,,,*1E
$GPVTG,,T,,M,,N,,K,N*2C
$GPRMC,,V,,,,,,,,,,N*53
$GPGGA,,,,,,0,,,,,,,,*66
$GPGSV,3,1,09,12,62,168,14,24,58,358,15,25,39,226,19,29,37,292,14*7E
$GPGSV,3,2,09,05,00,000,,06,30,126,,14,08,229,,19,08,130,*72
$GPGSV,3,3,09,32,12,246,*42
$GLGSV,2,1,07,86,32,150,11,78,14,215,,77,61,192,,76,47,057,*6B
$GLGSV,2,2,07,75,02,043,,88,33,320,,87,82,271,*55
$GPGSA,A,1,,,,,,,,,,,,,,,*1E
$GPVTG,,T,,M,,N,,K,N*2C
$GPRMC,,V,,,,,,,,,,N*53
$GPGGA,,,,,,0,,,,,,,,*66
$GPGSV,2,1,08,12,62,168,14,24,58,358,14,29,37,292,14,05,00,000,*79
$GPGSV,2,2,08,06,30,126,,14,08,229,,19,08,130,,32,12,246,*75
$GLGSV,2,1,07,86,32,150,11,78,14,215,,77,61,192,,76,47,057,*6B
$GLGSV,2,2,07,75,02,043,,88,33,320,,87,82,271,*55
$GPGSA,A,1,,,,,,,,,,,,,,,*1E
$GPVTG,,T,,M,,N,,K,N*2C
$GPRMC,,V,,,,,,,,,,N*53
$GPGGA,,,,,,0,,,,,,,,*66
$GPGSV,3,1,10,12,62,168,14,24,58,358,15,29,37,292,13,02,55,081,*79
$GPGSV,3,2,10,05,00,000,,06,30,126,,14,08,229,,19,08,130,*7A
$GPGSV,3,3,10,25,39,226,,32,12,246,*71
$GLGSV,2,1,07,86,32,150,11,78,14,215,,77,61,192,,76,47,057,*6B
$GLGSV,2,2,07,75,02,043,,88,33,320,,87,82,271,*55
$GPGSA,A,1,,,,,,,,,,,,,,,*1E
$GPVTG,,T,,M,,N,,K,N*2C
$GPRMC,,V,,,,,,,,,,N*53
$GPGGA,,,,,,0,,,,,,,,*66
$GPGSV,3,1,10,12,62,168,14,24,58,358,15,29,37,292,13,02,55,081,*79
$GPGSV,3,2,10,05,00,000,,06,30,126,,14,08,229,,19,08,130,*7A
$GPGSV,3,3,10,25,39,226,,32,12,246,*71
$GLGSV,2,1,07,86,32,150,11,78,14,215,,77,61,192,,76,47,057,*6B
$GLGSV,2,2,07,75,02,043,,88,33,320,,87,82,271,*55
$GPGSA,A,1,,,,,,,,,,,,,,,*1E
$GPVTG,,T,,M,,N,,K,N*2C
$GPRMC,,V,,,,,,,,,,N*53
$GPGGA,,,,,,0,,,,,,,,*66
$GPGSV,3,1,10,12,62,168,14,24,58,358,15,29,37,292,13,02,55,081,*79
$GPGSV,3,2,10,05,00,000,,06,30,126,,14,08,229,,19,08,130,*7A
$GPGSV,3,3,10,25,39,226,,32,12,246,*71
$GLGSV,2,1,07,86,32,150,11,78,14,215,,77,61,192,,76,47,057,*6B
$GLGSV,2,2,07,75,02,043,,88,33,320,,87,82,271,*55
$GPGSA,A,1,,,,,,,,,,,,,,,*1E
$GPVTG,,T,,M,,N,,K,N*2C
$GPRMC,,V,,,,,,,,,,N*53
$GPGGA,,,,,,0,,,,,,,,*66
$GPGSV,3,1,10,12,62,168,20,24,58,358,15,29,37,292,13,02,55,081,*7E
$GPGSV,3,2,10,05,00,000,,06,30,126,,14,08,229,,19,08,130,*7A
$GPGSV,3,3,10,25,39,226,,32,12,246,*71
$GLGSV,2,1,07,86,32,150,11,78,14,215,,77,61,192,,76,47,057,*6B
$GLGSV,2,2,07,75,02,043,,88,33,320,,87,82,271,*55
$GPGSA,A,1,,,,,,,,,,,,,,,*1E
$GPVTG,,T,,M,,N,,K,N*2C
$GPRMC,,V,,,,,,,,,,N*53
$GPGGA,,,,,,0,,,,,,,,*66
$GPGSV,3,1,10,12,62,168,21,24,58,358,15,29,37,292,13,02,55,081,*7F
$GPGSV,3,2,10,05,00,000,,06,30,126,,14,08,229,,19,08,130,*7A
$GPGSV,3,3,10,25,39,226,,32,12,246,*71
$GLGSV,2,1,07,86,32,150,11,78,14,215,,77,61,192,,76,47,057,*6B
$GLGSV,2,2,07,75,02,043,,88,33,320,,87,82,271,*55
$GPGSA,A,1,,,,,,,,,,,,,,,*1E
$GPVTG,,T,,M,,N,,K,N*2C
$GPRMC,,V,,,,,,,,,,N*53
$GPGGA,,,,,,0,,,,,,,,*66
$GPGSV,3,1,10,12,62,168,22,24,58,358,15,29,37,292,13,02,55,081,*7C
$GPGSV,3,2,10,05,00,000,,06,30,126,,14,08,229,,19,08,130,*7A
$GPGSV,3,3,10,25,39,226,,32,12,246,*71
$GLGSV,2,1,07,86,32,150,11,78,14,215,,77,61,192,,76,47,057,*6B
$GLGSV,2,2,07,75,02,043,,88,33,320,,87,82,271,*55
$GPGSA,A,1,,,,,,,,,,,,,,,*1E
$GPVTG,,T,,M,,N,,K,N*2C
$GPRMC,,V,,,,,,,,,,N*53
$GPGGA,,,,,,0,,,,,,,,*66
$GPGSV,3,1,10,12,62,168,23,24,58,358,15,29,37,292,13,02,55,081,*7D
$GPGSV,3,2,10,05,00,000,,06,30,126,,14,08,229,,19,08,130,*7A
$GPGSV,3,3,10,25,39,226,,32,12,246,*71
$GLGSV,2,1,07,86,32,150,11,78,14,215,,77,61,192,,76,47,057,*6B
$GLGSV,2,2,07,75,02,043,,88,33,320,,87,82,271,*55
$GPGSA,A,1,,,,,,,,,,,,,,,*1E
$GPVTG,,T,,M,,N,,K,N*2C
$GPRMC,,V,,,,,,,,,,N*53
$GPGGA,,,,,,0,,,,,,,,*66
$GPGSV,3,1,10,12,62,168,16,24,58,358,15,29,37,292,13,02,55,081,*7B
$GPGSV,3,2,10,05,00,000,,06,30,126,,14,08,229,,19,08,130,*7A
$GPGSV,3,3,10,25,39,226,,32,12,246,*71
$GLGSV,2,1,07,86,32,150,11,78,14,215,,77,61,192,,76,47,057,*6B
$GLGSV,2,2,07,75,02,043,,88,33,320,,87,82,271,*55
$GPGSA,A,1,,,,,,,,,,,,,,,*1E
$GPVTG,,T,,M,,N,,K,N*2C
$GPRMC,,V,,,,,,,,,,N*53
$GPGGA,,,,,,0,,,,,,,,*66
$GPGSV,3,1,10,12,62,168,18,24,58,358,15,29,37,292,13,02,55,081,*75
$GPGSV,3,2,10,05,00,000,,06,30,126,,14,08,229,,19,08,130,*7A
$GPGSV,3,3,10,25,39,226,,32,12,246,*71
$GLGSV,2,1,07,86,32,150,11,78,14,215,,77,61,192,,76,47,057,*6B
$GLGSV,2,2,07,75,02,043,,88,33,320,,87,82,271,*55
$GPGSA,A,1,,,,,,,,,,,,,,,*1E
$GPVTG,,T,,M,,N,,K,N*2C
$GPRMC,,V,,,,,,,,,,N*53
$GPGGA,,,,,,0,,,,,,,,*66
$GPGSV,3,1,10,12,62,168,18,24,58,358,15,29,37,292,13,02,55,081,*75
$GPGSV,3,2,10,05,00,000,,06,30,126,,14,08,229,,19,08,130,*7A
$GPGSV,3,3,10,25,39,226,,32,12,246,*71
$GLGSV,2,1,07,86,32,150,11,78,14,215,,77,61,192,,76,47,057,*6B
$GLGSV,2,2,07,75,02,043,,88,33,320,,87,82,271,*55
$GPGSA,A,1,,,,,,,,,,,,,,,*1E
$GPVTG,,T,,M,,N,,K,N*2C
$GPRMC,,V,,,,,,,,,,N*53
$GPGGA,,,,,,0,,,,,,,,*66
$GPGSV,3,1,10,12,62,168,21,24,58,358,15,29,37,292,13,02,55,081,*7F
$GPGSV,3,2,10,05,00,000,,06,30,126,,14,08,229,,19,08,130,*7A
$GPGSV,3,3,10,25,39,226,,32,12,246,*71
$GLGSV,2,1,07,86,32,150,11,78,14,215,,77,61,192,,76,47,057,*6B
$GLGSV,2,2,07,75,02,043,,88,33,320,,87,82,271,*55
$GPGSA,A,1,,,,,,,,,,,,,,,*1E
$GPVTG,,T,,M,,N,,K,N*2C
$GPRMC,,V,,,,,,,,,,N*53
$GPGGA,,,,,,0,,,,,,,,*66
$GPGSV,3,1,10,12,62,168,20,24,58,358,15,29,37,292,13,02,55,081,*7E
$GPGSV,3,2,10,05,00,000,,06,30,126,,14,08,229,,19,08,130,*7A
$GPGSV,3,3,10,25,39,226,,32,12,246,*71
$GLGSV,2,1,07,86,32,150,11,78,14,215,,77,61,192,,76,47,057,*6B
$GLGSV,2,2,07,75,02,043,,88,33,320,,87,82,271,*55
$GPGSA,A,1,,,,,,,,,,,,,,,*1E
$GPVTG,,T,,M,,N,,K,N*2C
$GPRMC,,V,,,,,,,,,,N*53
$GPGGA,,,,,,0,,,,,,,,*66
$GPGSV,3,1,10,12,62,168,24,24,58,358,15,29,37,292,13,02,55,081,*7A
$GPGSV,3,2,10,05,00,000,,06,30,126,,14,08,229,,19,08,130,*7A
$GPGSV,3,3,10,25,39,226,,32,12,246,*71
$GLGSV,2,1,07,86,32,150,11,78,14,215,,77,61,192,,76,47,057,*6B
$GLGSV,2,2,07,75,02,043,,88,33,320,,87,82,271,*55
$GPGSA,A,1,,,,,,,,,,,,,,,*1E
$GPVTG,,T,,M,,N,,K,N*2C
$GPRMC,,V,,,,,,,,,,N*53
$GPGGA,,,,,,0,,,,,,,,*66
$GPGSV,3,1,10,12,62,168,28,24,58,358,15,25,39,226,13,29,37,292,13*74
$GPGSV,3,2,10,02,55,081,,05,00,000,,06,30,126,,14,08,229,*73
$GPGSV,3,3,10,19,08,130,,32,12,246,*78
$GLGSV,2,1,07,86,32,150,11,76,47,057,16,78,14,215,,77,61,192,*6C
$GLGSV,2,2,07,75,02,043,,88,33,320,,87,82,271,*55
$GPGSA,A,1,,,,,,,,,,,,,,,*1E
$GPVTG,,T,,M,,N,,K,N*2C
$GPRMC,,V,,,,,,,,,,N*53
$GPGGA,,,,,,0,,,,,,,,*66
$GPGSV,3,1,10,02,55,081,21,12,62,168,25,24,58,358,15,25,39,226,15*73
$GPGSV,3,2,10,29,37,292,13,05,00,000,,06,30,126,,14,08,229,*7C
$GPGSV,3,3,10,19,08,130,,32,12,246,*78
$GLGSV,2,1,07,86,32,150,11,76,47,057,17,87,82,271,17,78,14,215,*67
$GLGSV,2,2,07,77,61,192,,75,02,043,,88,33,320,*59
$GPGSA,A,1,,,,,,,,,,,,,,,*1E
$GPVTG,,T,,M,,N,,K,N*2C
$GPRMC,,V,,,,,,,,,,N*53
$GPGGA,,,,,,0,,,,,,,,*66
$GPGSV,3,1,10,02,55,081,19,12,62,168,19,24,58,358,15,25,39,226,19*7B
$GPGSV,3,2,10,29,37,292,13,05,00,000,,06,30,126,,14,08,229,*7C
$GPGSV,3,3,10,19,08,130,,32,12,246,*78
$GLGSV,2,1,06,76,47,057,16,87,82,271,18,78,14,215,,77,61,192,*6E
$GLGSV,2,2,06,75,02,043,,88,33,320,*65
$GPGSA,A,1,,,,,,,,,,,,,,,*1E
$GPVTG,,T,,M,,N,,K,N*2C
$GPRMC,,V,,,,,,,,,,N*53
$GPGGA,,,,,,0,,,,,,,,*66
$GPGSV,3,1,10,02,55,082,18,12,62,167,20,24,00,000,15,25,40,226,19*71
$GPGSV,3,2,10,29,37,291,13,05,00,000,,06,30,126,,14,08,229,*7F
$GPGSV,3,3,10,19,07,129,,32,12,247,*7E
$GLGSV,2,1,07,76,47,056,16,87,82,265,18,78,14,213,,86,32,150,*6B
$GLGSV,2,2,07,77,61,191,,75,02,043,,88,33,320,*5A
$GPGSA,A,1,,,,,,,,,,,,,,,*1E
$GPVTG,,T,,M,,N,,K,N*2C
$GPRMC,,V,,,,,,,,,,N*53
$GPGGA,,,,,,0,,,,,,,,*66
$GPGSV,3,1,10,02,55,082,17,12,62,167,23,24,00,000,15,25,40,226,19*7D
$GPGSV,3,2,10,29,37,291,13,05,00,000,,06,30,126,,14,08,229,*7F
$GPGSV,3,3,10,19,07,129,,32,12,247,*7E
$GLGSV,2,1,07,76,47,056,15,87,82,265,18,78,14,213,,86,32,150,*68
$GLGSV,2,2,07,77,61,191,,75,02,043,,88,33,320,*5A
$GPGSA,A,1,,,,,,,,,,,,,,,*1E
$GPVTG,,T,,M,,N,,K,N*2C
$GPRMC,,V,,,,,,,,,,N*53
$GPGGA,,,,,,0,,,,,,,,*66
$GPGSV,3,1,10,02,55,082,16,12,62,167,28,24,00,000,15,25,40,226,24*79
$GPGSV,3,2,10,29,37,291,13,05,00,000,,06,30,126,,14,08,229,*7F
$GPGSV,3,3,10,19,07,129,,32,12,247,*7E
$GLGSV,2,1,07,76,47,056,14,87,82,265,18,78,14,213,,86,32,150,*69
$GLGSV,2,2,07,77,61,191,,75,02,043,,88,33,320,*5A
$GPGSA,A,1,,,,,,,,,,,,,,,*1E
$GPVTG,,T,,M,,N,,K,N*2C
$GPRMC,,V,,,,,,,,,,N*53
$GPGGA,,,,,,0,,,,,,,,*66
$GPGSV,3,1,10,02,55,082,15,12,62,167,24,24,00,000,15,25,40,226,26*74
$GPGSV,3,2,10,29,37,291,14,05,00,000,,06,30,126,,14,08,229,*78
$GPGSV,3,3,10,19,07,129,,32,12,247,*7E
$GLGSV,2,1,07,76,47,056,14,87,82,265,25,78,14,213,,86,32,150,*67
$GLGSV,2,2,07,77,61,191,,75,02,043,,88,33,320,*5A
$GPGSA,A,1,,,,,,,,,,,,,,,*1E
$GPVTG,,T,,M,,N,,K,N*2C
$GPRMC,,V,,,,,,,,,,N*53
$GPGGA,,,,,,0,,,,,,,,*66
$GPGSV,3,1,10,02,55,082,16,12,62,167,31,25,40,226,28,29,37,291,20*78
$GPGSV,3,2,10,05,00,000,,06,30,126,,14,08,229,,19,07,129,*7D
$GPGSV,3,3,10,24,00,000,,32,12,247,*7D
$GLGSV,2,1,07,76,47,056,14,87,82,265,21,78,14,213,,86,32,150,*63
$GLGSV,2,2,07,77,61,191,,75,02,043,,88,33,320,*5A
$GPGSA,A,1,,,,,,,,,,,,,,,*1E
$GPVTG,,T,,M,,N,,K,N*2C
$GPRMC,,V,,,,,,,,,,N*53
$GPGGA,,,,,,0,,,,,,,,*66
$GPGSV,3,1,10,02,55,082,16,12,62,167,20,25,40,226,29,29,37,291,21*78
$GPGSV,3,2,10,05,00,000,,06,30,126,,14,08,229,,19,07,129,*7D
$GPGSV,3,3,10,24,00,000,,32,12,247,*7D
$GLGSV,2,1,07,76,47,056,14,88,33,320,14,87,82,265,21,78,14,213,*6C
$GLGSV,2,2,07,86,32,150,,77,61,191,,75,02,043,*50
$GPGSA,A,1,,,,,,,,,,,,,,,*1E
$GPVTG,,T,,M,,N,,K,N*2C
$GPRMC,,V,,,,,,,,,,N*53
$GPGGA,,,,,,0,,,,,,,,*66
$GPGSV,3,1,10,02,55,082,16,12,62,167,20,25,40,226,29,29,37,291,21*78
$GPGSV,3,2,10,05,00,000,,06,30,126,,14,08,229,,19,07,129,*7D
$GPGSV,3,3,10,24,00,000,,32,12,247,*7D
$GLGSV,2,1,07,76,47,056,14,88,33,320,13,87,82,265,21,78,14,213,*6B
$GLGSV,2,2,07,86,32,150,,77,61,191,,75,02,043,*50
$GPGSA,A,1,,,,,,,,,,,,,,,*1E
$GPVTG,,T,,M,,N,,K,N*2C
$GPRMC,,V,,,,,,,,,,N*53
$GPGGA,,,,,,0,,,,,,,,*66
$GPGSV,3,1,10,02,55,082,17,12,62,167,21,24,00,000,17,25,40,226,33*75
$GPGSV,3,2,10,29,37,291,22,05,00,000,,06,30,126,,14,08,229,*7D
$GPGSV,3,3,10,19,07,129,,32,12,247,*7E
$GLGSV,2,1,07,76,47,056,18,88,33,320,13,87,82,265,23,78,14,213,*65
$GLGSV,2,2,07,86,32,150,,77,61,191,,75,02,043,*50
$GPGSA,A,3,02,12,24,25,29,,,,,,,,1.6,1.2,1.0*3C
$GPVTG,206.3,T,206.3,M,7.2,N,13.3,K,A*17
$GPRMC,174415,A,3436.568215,S,05823.173097,W,7.2,206.3,171117,5.4,W,A*0F
$GPGGA,174415,3436.568215,S,05823.173097,W,1,05,1.2,78.0,M,22.0,M,,*7E
$GPGSV,3,1,10,02,55,082,17,12,62,167,21,25,40,226,28,29,37,291,22*7A
$GPGSV,3,2,10,05,00,000,,06,30,126,,14,08,229,,19,07,129,*7D
$GPGSV,3,3,10,24,00,000,,32,12,247,*7D
$GLGSV,2,1,07,77,61,191,16,76,47,056,18,88,33,320,13,87,82,265,20*65
$GLGSV,2,2,07,78,14,213,,86,32,150,,75,02,043,*54
$GPGSA,A,3,02,12,25,29,,,,,,,,,1.5,1.1,1.0*3A
$GPVTG,204.7,T,204.7,M,9.5,N,17.6,K,A*1F
$GPRMC,174416,A,3436.571424,S,05823.174065,W,9.5,204.7,171117,5.4,W,A*05
$GPGGA,174416,3436.571424,S,05823.174065,W,1,04,1.1,76.0,M,22.0,M,,*77
$GPGSV,3,1,10,02,55,082,20,12,62,167,21,25,40,226,25,29,37,291,22*73
$GPGSV,3,2,10,05,00,000,,06,30,126,,14,08,229,,19,07,129,*7D
$GPGSV,3,3,10,24,00,000,,32,12,247,*7D
$GLGSV,2,1,07,77,61,191,25,76,47,056,18,88,33,320,13,87,82,265,23*66
$GLGSV,2,2,07,78,14,213,,86,32,150,,75,02,043,*54
$GPGSA,A,3,02,12,25,29,,,,,,,,,1.5,1.1,1.0*3A
$GPVTG,183.8,T,183.8,M,7.4,N,13.6,K,A*14
$GPRMC,174417,A,3436.570464,S,05823.164097,W,7.4,183.8,171117,5.4,W,A*01
$GPGGA,174417,3436.570464,S,05823.164097,W,1,04,1.1,63.0,M,22.0,M,,*7B
$GPGSV,3,1,10,02,55,082,20,12,62,167,14,25,40,226,21,29,37,291,16*76
$GPGSV,3,2,10,05,00,000,,06,30,126,,14,08,229,,19,07,129,*7D
$GPGSV,3,3,10,24,00,000,,32,12,247,*7D
$GLGSV,2,1,07,77,61,191,25,76,47,056,18,88,33,320,13,87,82,265,21*64
$GLGSV,2,2,07,78,14,213,,86,32,150,,75,02,043,*54
$GPGSA,A,3,02,12,25,29,,,,,,,,,1.5,1.1,1.0*3A
$GPVTG,172.1,T,172.1,M,8.0,N,14.7,K,A*19
$GPRMC,174418,A,3436.570340,S,05823.163202,W,8.0,172.1,171117,5.4,W,A*0A
$GPGGA,174418,3436.570340,S,05823.163202,W,1,04,1.1,67.0,M,22.0,M,,*78
$GPGSV,3,1,10,02,55,082,17,12,62,167,14,25,40,226,21,29,37,291,16*72
$GPGSV,3,2,10,05,00,000,,06,30,126,,14,08,229,,19,07,129,*7D
$GPGSV,3,3,10,24,00,000,,32,12,247,*7D
$GLGSV,2,1,07,77,61,191,18,76,47,056,18,88,33,320,13,87,82,265,21*6A
$GLGSV,2,2,07,78,14,213,,86,32,150,,75,02,043,*54
$GPGSA,A,3,02,12,25,29,,,,,,,,,1.5,1.1,1.0*3A
$GPVTG,176.0,T,176.0,M,5.0,N,9.3,K,A*2C
$GPRMC,174419,A,3436.568180,S,05823.164441,W,5.0,176.0,171117,5.4,W,A*02
$GPGGA,174419,3436.568180,S,05823.164441,W,1,04,1.1,72.0,M,22.0,M,,*7C
$GPGSV,3,1,10,02,55,082,17,12,62,167,14,24,00,000,15,25,40,226,18*78
$GPGSV,3,2,10,29,37,291,16,05,00,000,,06,30,126,,14,08,229,*7A
$GPGSV,3,3,10,19,07,129,,32,12,247,*7E
$GLGSV,2,1,07,77,61,191,19,76,47,056,13,88,33,320,12,87,82,265,21*61
$GLGSV,2,2,07,78,14,213,,86,32,150,,75,02,043,*54
$GPGSA,A,3,02,12,24,25,29,,,,,,,,1.5,1.1,1.0*3C
$GPVTG,168.0,T,168.0,M,4.0,N,7.5,K,A*25
$GPRMC,174420,A,3436.569339,S,05823.163233,W,4.0,168.0,171117,5.4,W,A*03
$GPGGA,174420,3436.569339,S,05823.163233,W,1,05,1.1,72.0,M,22.0,M,,*72
$GPGSV,3,1,10,02,55,082,16,12,62,167,14,24,00,000,16,25,40,226,18*7A
$GPGSV,3,2,10,29,37,291,16,05,00,000,,06,30,126,,14,08,229,*7A
$GPGSV,3,3,10,19,07,129,,32,12,247,*7E
$GLGSV,2,1,07,77,61,191,19,76,47,056,13,88,33,320,12,87,82,265,21*61
$GLGSV,2,2,07,78,14,213,,86,32,150,,75,02,043,*54
$GPGSA,A,3,02,12,24,25,29,,,,,,,,1.5,1.1,1.0*3C
$GPVTG,170.6,T,170.6,M,3.5,N,6.4,K,A*27
$GPRMC,174421,A,3436.570796,S,05823.162594,W,3.5,170.6,171117,5.4,W,A*0D
$GPGGA,174421,3436.570796,S,05823.162594,W,1,05,1.1,74.0,M,22.0,M,,*77
$GPGSV,3,1,10,02,55,082,20,12,62,167,21,24,00,000,15,25,40,226,18*7A
$GPGSV,3,2,10,29,37,291,19,05,00,000,,06,30,126,,14,08,229,*75
$GPGSV,3,3,10,19,07,129,,32,12,247,*7E
$GLGSV,2,1,07,77,61,191,20,76,47,056,13,88,33,320,12,87,82,265,16*6F
$GLGSV,2,2,07,78,14,213,,86,32,150,,75,02,043,*54
$GPGSA,A,3,02,12,24,25,29,,,,,,,,1.5,1.1,1.0*3C
$GPVTG,143.6,T,143.6,M,4.3,N,8.0,K,A*2C
$GPRMC,174422,A,3436.572878,S,05823.152171,W,4.3,143.6,171117,5.4,W,A*0E
$GPGGA,174422,3436.572878,S,05823.152171,W,1,05,1.1,64.0,M,22.0,M,,*74
$GPGSV,3,1,10,02,55,082,21,12,62,167,27,24,00,000,15,25,40,226,18*7D
$GPGSV,3,2,10,29,38,291,22,32,12,247,18,05,00,000,,06,30,126,*7C
$GPGSV,3,3,10,14,08,229,,19,07,129,*79
$GLGSV,2,1,07,77,61,191,23,76,47,056,13,88,33,320,12,87,82,265,22*6B
$GLGSV,2,2,07,78,14,213,,86,32,150,,75,02,043,*54
$GPGSA,A,3,02,12,24,25,29,32,,,,,,,1.4,1.1,0.9*34
$GPVTG,125.9,T,125.9,M,5.6,N,10.4,K,A*15
$GPRMC,174423,A,3436.572415,S,05823.151202,W,5.6,125.9,171117,5.4,W,A*07
$GPGGA,174423,3436.572415,S,05823.151202,W,1,06,1.1,65.0,M,22.0,M,,*74
$GPGSV,3,1,10,02,55,082,19,12,62,167,31,24,00,000,14,25,40,226,18*70
$GPGSV,3,2,10,29,38,291,20,32,12,247,19,05,00,000,,06,30,126,*7F
$GPGSV,3,3,10,14,08,229,,19,07,129,*79
$GLGSV,2,1,07,77,61,191,21,76,47,056,13,88,33,320,12,87,82,265,19*61
$GLGSV,2,2,07,78,14,213,,86,32,150,,75,02,043,*54
$GPGSA,A,3,02,12,24,25,29,32,,,,,,,1.4,1.1,0.9*34
$GPVTG,107.6,T,107.6,M,2.9,N,5.4,K,A*29
$GPRMC,174424,A,3436.569887,S,05823.150595,W,2.9,107.6,171117,5.4,W,A*02
$GPGGA,174424,3436.569887,S,05823.150595,W,1,06,1.1,59.0,M,22.0,M,,*79
$GPGSV,3,1,10,02,55,082,19,12,62,167,29,24,00,000,14,25,40,226,22*70
$GPGSV,3,2,10,29,38,291,20,32,12,247,19,05,00,000,,06,30,126,*7F
$GPGSV,3,3,10,14,08,229,,19,07,129,*79
$GLGSV,2,1,07,77,61,191,22,76,47,056,13,88,33,320,12,87,82,265,19*62
$GLGSV,2,2,07,78,14,213,,86,32,150,,75,02,043,*54
$GPGSA,A,3,02,12,24,25,29,32,,,,,,,1.4,1.1,0.9*34
$GPVTG,83.5,T,83.5,M,3.4,N,6.2,K,A*20
$GPRMC,174425,A,3436.566879,S,05823.147012,W,3.4,83.5,171117,5.4,W,A*33
$GPGGA,174425,3436.566879,S,05823.147012,W,1,06,1.1,53.0,M,22.0,M,,*70
$GPGSV,3,1,10,02,55,082,19,12,62,167,29,24,00,000,14,25,40,226,26*74
$GPGSV,3,2,10,29,38,291,18,32,12,247,19,05,00,000,,06,30,126,*74
$GPGSV,3,3,10,14,08,229,,19,07,129,*79
$GLGSV,2,1,07,77,61,191,22,76,47,056,13,88,33,320,12,87,82,265,26*6E
$GLGSV,2,2,07,78,14,213,,86,32,150,,75,02,043,*54
$GPGSA,A,3,02,12,24,25,29,32,,,,,,,1.5,1.2,0.9*36
$GPVTG,221.6,T,221.6,M,2.8,N,5.2,K,A*2E
$GPRMC,174426,A,3436.571417,S,05823.152774,W,2.8,221.6,171117,5.4,W,A*05
$GPGGA,174426,3436.571417,S,05823.152774,W,1,06,1.2,41.0,M,22.0,M,,*72
$GPGSV,3,1,10,02,55,082,20,12,62,167,29,24,00,000,13,25,40,226,31*7F
$GPGSV,3,2,10,29,38,291,21,32,12,247,24,05,00,000,,06,30,126,*70
$GPGSV,3,3,10,14,08,229,,19,07,129,*79
$GLGSV,2,1,07,77,61,191,22,76,47,056,13,88,33,320,12,87,82,265,24*6C
$GLGSV,2,2,07,78,14,213,,86,32,150,,75,02,043,*54
$GPGSA,A,3,02,12,24,25,29,32,,,,,,,1.6,1.3,0.9*34
$GPVTG,240.9,T,240.9,M,2.9,N,5.3,K,A*2E
$GPRMC,174427,A,3436.569455,S,05823.155011,W,2.9,240.9,171117,5.4,W,A*01
$GPGGA,174427,3436.569455,S,05823.155011,W,1,06,1.3,25.0,M,22.0,M,,*7C
$GPGSV,3,1,10,02,55,082,19,12,62,167,24,25,40,226,34,29,38,291,19*7B
$GPGSV,3,2,10,32,12,247,28,05,00,000,,06,30,126,,14,08,229,*71
$GPGSV,3,3,10,19,07,129,,24,00,000,*7B
$GLGSV,2,1,07,77,61,191,22,76,47,056,13,88,33,320,12,87,82,265,21*69
$GLGSV,2,2,07,78,14,213,,86,32,150,,75,02,043,*54
$GPGSA,A,3,02,12,25,29,32,,,,,,,,1.6,1.3,0.9*32
$GPVTG,246.6,T,246.6,M,3.7,N,6.8,K,A*29
$GPRMC,174428,A,3436.569087,S,05823.156768,W,3.7,246.6,171117,5.4,W,A*09
$GPGGA,174428,3436.569087,S,05823.156768,W,1,05,1.3,12.0,M,22.0,M,,*75
$GPGSV,3,1,10,02,55,082,19,12,62,167,29,25,40,226,35,29,38,291,19*77
$GPGSV,3,2,10,32,12,247,28,05,00,000,,06,30,126,,14,08,229,*71
$GPGSV,3,3,10,19,07,129,,24,00,000,*7B
$GLGSV,2,1,07,77,61,191,18,76,47,056,13,88,33,320,12,87,82,265,25*64
$GLGSV,2,2,07,78,14,213,,86,32,150,,75,02,043,*54
$GPGSA,A,3,02,12,25,29,32,,,,,,,,1.6,1.3,0.9*32
$GPVTG,233.7,T,233.7,M,3.8,N,7.1,K,A*2E
$GPRMC,174429,A,3436.571008,S,05823.157098,W,3.8,233.7,171117,5.4,W,A*03
$GPGGA,174429,3436.571008,S,05823.157098,W,1,05,1.3,7.0,M,22.0,M,,*47
$GPGSV,3,1,10,02,55,082,19,12,62,167,24,25,40,226,31,29,38,291,18*7F
$GPGSV,3,2,10,32,12,247,23,05,00,000,,06,30,126,,14,08,229,*7A
$GPGSV,3,3,10,19,07,129,,24,00,000,*7B
$GLGSV,2,1,07,77,61,191,18,76,47,056,13,88,33,320,12,87,82,265,17*65
$GLGSV,2,2,07,78,14,213,,86,32,150,,75,02,043,*54
$GPGSA,A,3,02,12,25,29,32,,,,,,,,1.6,1.3,0.9*32
$GPVTG,231.4,T,231.4,M,3.8,N,7.1,K,A*2E
$GPRMC,174430,A,3436.571910,S,05823.158481,W,3.8,231.4,171117,5.4,W,A*09
$GPGGA,174430,3436.571910,S,05823.158481,W,1,05,1.3,9.0,M,22.0,M,,*42
$GPGSV,3,1,10,02,55,082,19,12,62,167,20,25,40,226,26,29,38,291,18*7D
$GPGSV,3,2,10,32,12,247,23,05,00,000,,06,30,126,,14,08,229,*7A
$GPGSV,3,3,10,19,07,129,,24,00,000,*7B
$GLGSV,2,1,07,86,32,150,13,77,61,191,18,76,47,056,13,88,33,320,12*6E
$GLGSV,2,2,07,87,82,265,17,78,14,213,,75,02,043,*5D
$GPGSA,A,3,02,12,25,29,32,,,,,,,,1.6,1.3,0.9*32
$GPVTG,226.0,T,226.0,M,3.6,N,6.7,K,A*27
$GPRMC,174431,A,3436.572615,S,05823.158982,W,3.6,226.0,171117,5.4,W,A*03
$GPGGA,174431,3436.572615,S,05823.158982,W,1,05,1.3,9.0,M,22.0,M,,*44
$GPGSV,3,1,10,02,55,082,19,12,62,167,22,25,40,226,27,29,38,291,18*7E
$GPGSV,3,2,10,32,12,247,17,05,00,000,,06,30,126,,14,08,229,*7D
$GPGSV,3,3,10,19,07,129,,24,00,000,*7B
$GLGSV,2,1,07,86,32,150,13,77,61,191,18,76,47,056,13,88,33,320,12*6E
$GLGSV,2,2,07,87,82,265,17,78,14,213,,75,02,043,*5D
$GPGSA,A,3,02,12,25,29,32,,,,,,,,1.6,1.3,0.9*32
$GPVTG,233.6,T,233.6,M,4.5,N,8.2,K,A*28
$GPRMC,174432,A,3436.573245,S,05823.159949,W,4.5,233.6,171117,5.4,W,A*00
$GPGGA,174432,3436.573245,S,05823.159949,W,1,05,1.3,9.0,M,22.0,M,,*41
$GPGSV,3,1,10,02,55,082,19,12,62,167,24,25,40,226,29,29,38,291,18*76
$GPGSV,3,2,10,32,12,247,20,05,00,000,,06,30,126,,14,08,229,*79
$GPGSV,3,3,10,19,07,129,,24,00,000,*7B
$GLGSV,2,1,07,86,32,150,13,77,61,191,18,76,47,056,13,88,33,320,12*6E
$GLGSV,2,2,07,87,82,265,17,78,14,213,,75,02,043,*5D
$GPGSA,A,3,02,12,25,29,32,,,,,,,,1.8,1.6,0.9*39
$GPVTG,220.9,T,220.9,M,5.2,N,9.6,K,A*2B
$GPRMC,174433,A,3436.574943,S,05823.161258,W,5.2,220.9,171117,5.4,W,A*00
$GPGGA,174433,3436.574943,S,05823.161258,W,1,05,1.6,9.0,M,22.0,M,,*4F
$GPGSV,3,1,10,02,55,082,19,12,62,167,28,25,40,226,32,29,38,291,17*7F
$GPGSV,3,2,10,32,12,247,24,05,00,000,,06,30,126,,14,08,229,*7D
$GPGSV,3,3,10,19,07,129,,24,00,000,*7B
$GLGSV,2,1,07,86,32,150,13,77,61,191,18,76,47,056,13,88,33,320,12*6E
$GLGSV,2,2,07,87,82,265,17,78,14,213,,75,02,043,*5D
$GPGSA,A,3,02,12,25,29,32,,,,,,,,2.3,2.1,1.0*3D
$GPVTG,222.9,T,222.9,M,4.6,N,8.5,K,A*2C
$GPRMC,174434,A,3436.575378,S,05823.161981,W,4.6,222.9,171117,5.4,W,A*0C
$GPGGA,174434,3436.575378,S,05823.161981,W,1,05,2.1,8.0,M,22.0,M,,*41
$GPGSV,3,1,10,02,55,082,19,12,62,167,32,25,40,226,33,29,38,291,21*70
$GPGSV,3,2,10,32,12,247,22,05,00,000,,06,30,126,,14,08,229,*7B
$GPGSV,3,3,10,19,07,129,,24,00,000,*7B
$GLGSV,2,1,07,86,32,150,13,77,61,191,16,76,47,056,18,88,33,320,12*6B
$GLGSV,2,2,07,87,82,265,19,78,14,213,,75,02,043,*53
$GPGSA,A,3,02,12,25,29,32,,,,,,,,1.8,1.5,0.9*3A
$GPVTG,204.1,T,204.1,M,5.1,N,9.4,K,A*2A
$GPRMC,174435,A,3436.580969,S,05823.162997,W,5.1,204.1,171117,5.4,W,A*03
$GPGGA,174435,3436.580969,S,05823.162997,W,1,05,1.5,8.0,M,22.0,M,,*43
$GPGSV,3,1,10,02,55,082,19,12,62,167,30,25,40,226,27,29,38,291,21*77
$GPGSV,3,2,10,32,12,247,22,05,00,000,,06,30,126,,14,08,229,*7B
$GPGSV,3,3,10,19,07,129,,24,00,000,*7B
$GLGSV,2,1,07,86,32,150,13,77,61,191,25,76,47,056,22,88,33,320,12*62
$GLGSV,2,2,07,87,82,265,25,78,14,213,,75,02,043,*5C
$GPGSA,A,3,02,12,25,29,32,,,,,,,,1.8,1.5,0.9*3A
$GPVTG,249.2,T,249.2,M,2.5,N,4.7,K,A*27
$GPRMC,174436,A,3436.575092,S,05823.165927,W,2.5,249.2,171117,5.4,W,A*02
$GPGGA,174436,3436.575092,S,05823.165927,W,1,05,1.5,11.0,M,22.0,M,,*73
$GPGSV,3,1,10,02,55,082,14,12,62,167,32,25,40,226,24,29,38,291,21*7B
$GPGSV,3,2,10,32,12,247,24,05,00,000,,06,30,126,,14,08,229,*7D
$GPGSV,3,3,10,19,07,129,,24,00,000,*7B
$GLGSV,2,1,07,86,32,150,13,77,61,191,26,76,47,056,22,88,33,320,12*61
$GLGSV,2,2,07,87,82,265,27,78,14,213,,75,02,043,*5E
$GPGSA,A,3,02,12,25,29,32,,,,,,,,1.7,1.4,0.9*34
$GPVTG,298.2,T,298.2,M,3.2,N,5.9,K,A*2E
$GPRMC,174437,A,3436.569155,S,05823.169150,W,3.2,298.2,171117,5.4,W,A*0A
$GPGGA,174437,3436.569155,S,05823.169150,W,1,05,1.4,14.0,M,22.0,M,,*75
$GPGSV,3,1,10,02,55,082,20,12,62,167,31,24,00,000,15,25,40,226,26*76
$GPGSV,3,2,10,29,38,291,19,32,12,247,23,05,00,000,,06,30,126,*7C
$GPGSV,3,3,10,14,08,229,,19,07,129,*79
$GLGSV,2,1,07,86,32,150,13,77,61,191,28,76,47,056,16,88,33,320,13*69
$GLGSV,2,2,07,87,82,265,27,78,14,213,,75,02,043,*5E
$GPGSA,A,3,02,12,24,25,29,32,,,,,,,1.4,1.1,0.9*34
$GPVTG,316.4,T,316.4,M,2.8,N,5.2,K,A*2E
$GPRMC,174438,A,3436.565973,S,05823.169965,W,2.8,316.4,171117,5.4,W,A*01
$GPGGA,174438,3436.565973,S,05823.169965,W,1,06,1.1,15.0,M,22.0,M,,*73
$GPGSV,3,1,10,02,55,082,20,12,62,167,34,24,00,000,16,25,40,226,27*71
$GPGSV,3,2,10,29,38,291,20,32,12,247,25,05,00,000,,06,30,126,*70
$GPGSV,3,3,10,14,08,229,,19,07,129,*79
$GLGSV,2,1,07,86,32,150,13,77,61,191,29,76,47,056,16,88,33,320,18*63
$GLGSV,2,2,07,87,82,265,31,78,14,213,,75,02,043,*59
$GPGSA,A,3,02,12,24,25,29,32,,,,,,,1.4,1.1,0.9*34
$GPVTG,,T,,M,0.0,N,0.0,K,A*23
$GPRMC,174439,A,3436.564483,S,05823.170614,W,0.0,,171117,5.4,W,A*26
$GPGGA,174439,3436.564483,S,05823.170614,W,1,06,1.1,16.0,M,22.0,M,,*73
$GPGSV,3,1,10,02,55,082,17,12,62,167,35,24,00,000,17,25,40,226,27*75
$GPGSV,3,2,10,29,38,291,20,32,12,247,26,05,00,000,,06,30,126,*73
$GPGSV,3,3,10,14,08,229,,19,07,129,*79
$GLGSV,2,1,07,86,32,150,13,77,61,191,29,76,47,056,16,88,33,320,19*62
$GLGSV,2,2,07,87,82,265,31,78,14,213,,75,02,043,*59
$GPGSA,A,3,02,12,24,25,29,32,,,,,,,1.4,1.1,0.9*34
$GPVTG,,T,,M,0.0,N,0.0,K,A*23
$GPRMC,174440,A,3436.564170,S,05823.171053,W,0.0,,171117,5.4,W,A*25
$GPGGA,174440,3436.564170,S,05823.171053,W,1,06,1.1,17.0,M,22.0,M,,*71
$GPGSV,3,1,10,02,55,082,21,12,62,167,35,24,00,000,17,25,40,226,28*7F
$GPGSV,3,2,10,29,38,291,18,32,12,247,24,05,00,000,,06,30,126,*7A
$GPGSV,3,3,10,14,08,229,,19,07,129,*79
$GLGSV,2,1,07,86,32,150,13,77,61,191,31,76,47,056,16,88,33,320,22*63
$GLGSV,2,2,07,87,82,265,32,78,14,213,,75,02,043,*5A
$GPGSA,A,3,02,12,24,25,29,32,,,,,,,1.4,1.1,0.9*34
$GPVTG,,T,,M,0.0,N,0.0,K,A*23
$GPRMC,174441,A,3436.563651,S,05823.171659,W,0.0,,171117,5.4,W,A*2B
$GPGGA,174441,3436.563651,S,05823.171659,W,1,06,1.1,18.0,M,22.0,M,,*70
$GPGSV,3,1,10,02,55,082,21,12,62,167,31,24,00,000,17,25,40,226,26*75
$GPGSV,3,2,10,29,38,291,18,32,12,247,22,05,00,000,,06,30,126,*7C
$GPGSV,3,3,10,14,08,229,,19,07,129,*79
$GLGSV,2,1,07,86,32,150,13,77,61,191,29,76,47,056,16,88,33,320,18*63
$GLGSV,2,2,07,87,82,265,29,78,14,213,,75,02,043,*50
$GPGSA,A,3,02,12,24,25,29,32,,,,,,,1.4,1.1,0.9*34
$GPVTG,,T,,M,0.0,N,0.0,K,A*23
$GPRMC,174442,A,3436.563939,S,05823.172430,W,0.0,,171117,5.4,W,A*27
$GPGGA,174442,3436.563939,S,05823.172430,W,1,06,1.1,20.0,M,22.0,M,,*77
$GPGSV,3,1,10,02,55,082,19,12,62,167,37,24,00,000,17,25,40,226,30*7F
$GPGSV,3,2,10,29,38,291,16,32,12,247,25,05,00,000,,06,30,126,*75
$GPGSV,3,3,10,14,08,229,,19,07,129,*79
$GLGSV,2,1,07,86,32,150,13,77,61,191,32,76,47,056,14,88,33,320,22*62
$GLGSV,2,2,07,87,82,265,31,78,14,213,,75,02,043,*59
$GPGSA,A,3,02,12,24,25,29,32,,,,,,,1.4,1.1,0.9*34
$GPVTG,,T,,M,0.0,N,0.0,K,A*23
$GPRMC,174443,A,3436.562897,S,05823.173016,W,0.0,,171117,5.4,W,A*23
$GPGGA,174443,3436.562897,S,05823.173016,W,1,06,1.1,21.0,M,22.0,M,,*72
$GPGSV,3,1,10,02,55,082,20,12,62,167,36,24,00,000,18,25,40,226,29*73
$GPGSV,3,2,10,29,38,291,16,32,12,247,28,05,00,000,,06,30,126,*78
$GPGSV,3,3,10,14,08,229,,19,07,129,*79
$GLGSV,2,1,07,86,32,150,13,77,61,191,31,76,47,056,19,88,33,320,20*6E
$GLGSV,2,2,07,87,82,265,31,78,14,213,,75,02,043,*59
$GPGSA,A,3,02,12,24,25,29,32,,,,,,,1.5,1.2,0.9*36
$GPVTG,,T,,M,0.0,N,0.0,K,A*23
$GPRMC,174444,A,3436.562164,S,05823.173795,W,0.0,,171117,5.4,W,A*2D
$GPGGA,174444,3436.562164,S,05823.173795,W,1,06,1.2,23.0,M,22.0,M,,*7D
$GPGSV,3,1,10,02,55,082,22,12,62,167,35,24,00,000,18,25,40,226,29*72
$GPGSV,3,2,10,29,38,291,17,32,12,247,29,05,00,000,,06,30,126,*78
$GPGSV,3,3,10,14,08,229,,19,07,129,*79
$GLGSV,2,1,07,86,32,150,13,77,61,191,31,76,47,056,22,88,33,320,19*6C
$GLGSV,2,2,07,87,82,265,30,78,14,213,,75,02,043,*58
$GPGSA,A,3,02,12,24,25,29,32,,,,,,,1.4,1.1,0.9*34
$GPVTG,,T,,M,0.0,N,0.0,K,A*23
$GPRMC,174445,A,3436.561881,S,05823.173724,W,0.0,,171117,5.4,W,A*27
$GPGGA,174445,3436.561881,S,05823.173724,W,1,06,1.1,22.0,M,22.0,M,,*75
$GPGSV,3,1,10,02,55,082,18,12,62,167,34,24,00,000,18,25,40,226,29*7A
$GPGSV,3,2,10,29,38,291,17,32,12,247,29,05,00,000,,06,30,126,*78
$GPGSV,3,3,10,14,08,229,,19,07,129,*79
$GLGSV,2,1,07,86,32,150,15,77,61,191,28,76,47,056,19,88,33,320,19*6A
$GLGSV,2,2,07,87,82,265,27,78,14,213,,75,02,043,*5E
$GPGSA,A,3,02,12,24,25,29,32,,,,,,,1.3,1.0,0.9*32
$GPVTG,,T,,M,0.0,N,0.0,K,A*23
$GPRMC,174446,A,3436.561277,S,05823.173742,W,0.0,,171117,5.4,W,A*27
$GPGGA,174446,3436.561277,S,05823.173742,W,1,06,1.0,22.0,M,22.0,M,,*74
$GPGSV,3,1,10,02,55,082,23,12,62,167,35,24,00,000,17,25,40,226,17*71
$GPGSV,3,2,10,29,38,291,16,32,12,247,16,05,00,000,,06,30,126,*75
$GPGSV,3,3,10,14,08,229,,19,07,129,*79
$GLGSV,2,1,07,86,32,150,16,77,61,191,31,76,47,056,23,88,33,320,19*68
$GLGSV,2,2,07,87,82,265,31,78,14,213,,75,02,043,*59
$GPGSA,A,3,02,12,24,25,29,32,,,,,,,1.3,1.0,0.9*32
$GPVTG,,T,,M,0.0,N,0.0,K,A*23
$GPRMC,174447,A,3436.560617,S,05823.175202,W,0.0,,171117,5.4,W,A*22
$GPGGA,174447,3436.560617,S,05823.175202,W,1,06,1.0,26.0,M,22.0,M,,*75
$GPGSV,3,1,10,02,55,082,20,12,62,167,38,24,00,000,22,25,40,226,29*74
$GPGSV,3,2,10,29,38,291,16,32,12,247,28,05,00,000,,06,30,126,*78
$GPGSV,3,3,10,14,08,229,,19,07,129,*79
$GLGSV,2,1,07,86,32,150,17,77,61,191,31,76,47,056,23,88,33,320,19*69
$GLGSV,2,2,07,87,82,265,33,78,14,213,,75,02,043,*5B
$GPGSA,A,3,02,12,24,25,29,32,,,,,,,1.3,1.0,0.9*32
$GPVTG,,T,,M,0.0,N,0.0,K,A*23
$GPRMC,174448,A,3436.560137,S,05823.175786,W,0.0,,171117,5.4,W,A*21
$GPGGA,174448,3436.560137,S,05823.175786,W,1,06,1.0,27.0,M,22.0,M,,*77
$GPGSV,3,1,10,02,55,082,20,12,62,167,32,24,00,000,22,25,40,226,24*73
$GPGSV,3,2,10,29,38,291,16,32,12,247,21,05,00,000,,06,30,126,*71
$GPGSV,3,3,10,14,08,229,,19,07,129,*79
$GLGSV,2,1,07,86,32,150,16,77,61,191,28,76,47,056,20,88,33,320,19*63
$GLGSV,2,2,07,87,82,265,29,78,14,213,,75,02,043,*50
$GPGSA,A,3,02,12,24,25,29,32,,,,,,,1.3,1.0,0.9*32
$GPVTG,,T,,M,0.0,N,0.0,K,A*23
$GPRMC,174449,A,3436.559615,S,05823.176010,W,0.0,,171117,5.4,W,A*26
$GPGGA,174449,3436.559615,S,05823.176010,W,1,06,1.0,27.0,M,22.0,M,,*70
$GPGSV,3,1,10,02,55,082,20,12,62,167,36,24,00,000,17,25,40,226,31*75
$GPGSV,3,2,10,29,38,291,16,32,12,247,28,05,00,000,,06,30,126,*78
$GPGSV,3,3,10,14,08,229,,19,07,129,*79
$GLGSV,2,1,07,86,32,150,17,77,61,191,30,76,47,056,24,88,33,320,19*6F
$GLGSV,2,2,07,87,82,265,31,78,14,213,,75,02,043,*59
$GPGSA,A,3,02,12,24,25,29,32,,,,,,,1.5,1.2,0.9*36
$GPVTG,,T,,M,0.0,N,0.0,K,A*23
$GPRMC,174450,A,3436.559485,S,05823.175871,W,0.0,,171117,5.4,W,A*29
$GPGGA,174450,3436.559485,S,05823.175871,W,1,06,1.2,27.0,M,22.0,M,,*7D
$GPGSV,3,1,10,02,55,082,20,12,62,167,31,24,00,000,17,25,40,226,26*74
$GPGSV,3,2,10,29,38,291,15,32,12,247,26,05,00,000,,06,30,126,*75
$GPGSV,3,3,10,14,08,229,,19,07,129,*79
$GLGSV,2,1,07,86,32,150,17,77,61,191,29,76,47,056,24,88,33,320,14*6A
$GLGSV,2,2,07,87,82,265,27,78,14,213,,75,02,043,*5E
$GPGSA,A,3,02,12,24,25,29,32,,,,,,,1.3,1.0,0.9*32
$GPVTG,,T,,M,0.0,N,0.0,K,A*23
$GPRMC,174451,A,3436.559601,S,05823.175821,W,0.0,,171117,5.4,W,A*23
$GPGGA,174451,3436.559601,S,05823.175821,W,1,06,1.0,27.0,M,22.0,M,,*75
$GPGSV,3,1,10,02,55,082,17,12,62,167,27,24,00,000,21,25,40,226,21*75
$GPGSV,3,2,10,29,38,291,19,32,12,247,23,05,00,000,,06,30,126,*7C
$GPGSV,3,3,10,14,08,229,,19,07,129,*79
$GLGSV,2,1,07,86,32,150,17,77,61,191,23,76,47,056,24,88,33,320,14*60
$GLGSV,2,2,07,87,82,265,22,78,14,213,,75,02,043,*5B
$GPGSA,A,3,02,12,24,25,29,32,,,,,,,1.3,1.0,0.9*32
$GPVTG,,T,,M,0.0,N,0.0,K,A*23
$GPRMC,174452,A,3436.559472,S,05823.175803,W,0.0,,171117,5.4,W,A*26
$GPGGA,174452,3436.559472,S,05823.175803,W,1,06,1.0,27.0,M,22.0,M,,*70
$GPGSV,3,1,10,02,55,082,21,12,62,167,30,24,00,000,22,25,40,226,21*75
$GPGSV,3,2,10,29,38,291,21,32,12,247,19,05,00,000,,06,30,126,*7E
$GPGSV,3,3,10,14,08,229,,19,07,129,*79
$GLGSV,2,1,07,86,32,150,16,77,61,191,23,76,47,056,24,88,33,320,14*61
$GLGSV,2,2,07,87,82,265,25,78,14,213,,75,02,043,*5C
$GPGSA,A,3,02,12,24,25,29,32,,,,,,,1.3,1.0,0.9*32
$GPVTG,,T,,M,0.0,N,0.0,K,A*23
$GPRMC,174453,A,3436.559372,S,05823.175679,W,0.0,,171117,5.4,W,A*23
$GPGGA,174453,3436.559372,S,05823.175679,W,1,06,1.0,27.0,M,22.0,M,,*75
$GPGSV,3,1,10,02,55,082,20,12,62,167,29,24,00,000,19,25,40,226,19*7F
$GPGSV,3,2,10,29,38,291,22,32,12,247,19,05,00,000,,06,30,126,*7D
$GPGSV,3,3,10,14,08,229,,19,07,129,*79
$GLGSV,2,1,07,86,32,150,16,77,61,191,23,76,47,056,15,88,33,320,14*63
$GLGSV,2,2,07,87,82,265,25,78,14,213,,75,02,043,*5C
$GPGSA,A,3,02,12,24,25,29,32,,,,,,,1.3,1.0,0.9*32
$GPVTG,,T,,M,0.0,N,0.0,K,A*23
$GPRMC,174454,A,3436.559370,S,05823.175578,W,0.0,,171117,5.4,W,A*24
$GPGGA,174454,3436.559370,S,05823.175578,W,1,06,1.0,27.0,M,22.0,M,,*72
$GPGSV,3,1,10,02,55,082,22,12,62,167,33,24,00,000,19,25,40,226,25*79
$GPGSV,3,2,10,29,38,291,22,32,12,247,24,05,00,000,,06,30,126,*73
$GPGSV,3,3,10,14,08,229,,19,07,129,*79
$GLGSV,2,1,07,86,32,150,16,77,61,191,29,76,47,056,15,88,33,320,15*68
$GLGSV,2,2,07,87,82,265,29,78,14,213,,75,02,043,*50
$GPGSA,A,3,02,12,24,25,29,32,,,,,,,1.3,1.0,0.9*32
$GPVTG,,T,,M,0.0,N,0.0,K,A*23
$GPRMC,174455,A,3436.559422,S,05823.175435,W,0.0,,171117,5.4,W,A*2D
$GPGGA,174455,3436.559422,S,05823.175435,W,1,06,1.0,27.0,M,22.0,M,,*7B
$GPGSV,3,1,10,02,55,082,23,12,62,167,32,24,00,000,17,25,40,226,28*7A
$GPGSV,3,2,10,29,38,291,24,32,12,247,24,05,00,000,,06,30,126,*75
$GPGSV,3,3,10,14,08,229,,19,07,129,*79
$GLGSV,2,1,07,86,32,150,16,77,61,191,27,76,47,056,15,88,33,320,15*66
$GLGSV,2,2,07,87,82,265,28,78,14,213,,75,02,043,*51
$GPGSA,A,3,02,12,24,25,29,32,,,,,,,1.3,1.0,0.9*32
$GPVTG,,T,,M,0.0,N,0.0,K,A*23
$GPRMC,174456,A,3436.559477,S,05823.175300,W,0.0,,171117,5.4,W,A*2F
$GPGGA,174456,3436.559477,S,05823.175300,W,1,06,1.0,26.0,M,22.0,M,,*78
$GPGSV,3,1,10,02,55,082,22,12,62,167,32,24,00,000,17,25,40,226,27*74
$GPGSV,3,2,10,29,38,291,22,32,12,247,20,05,00,000,,06,30,126,*77
$GPGSV,3,3,10,14,08,229,,19,07,129,*79
$GLGSV,2,1,07,86,32,150,16,77,61,191,25,76,47,056,15,88,33,320,15*64
$GLGSV,2,2,07,87,82,265,28,78,14,213,,75,02,043,*51
$GPGSA,A,3,02,12,24,25,29,32,,,,,,,1.3,1.0,0.9*32
$GPVTG,,T,,M,0.0,N,0.0,K,A*23
$GPRMC,174457,A,3436.559503,S,05823.175267,W,0.0,,171117,5.4,W,A*2C
$GPGGA,174457,3436.559503,S,05823.175267,W,1,06,1.0,26.0,M,22.0,M,,*7B
$GPGSV,3,1,10,02,55,082,23,12,62,167,29,24,00,000,17,25,40,226,23*7B
$GPGSV,3,2,10,29,38,291,22,32,12,247,21,05,00,000,,06,30,126,*76
$GPGSV,3,3,10,14,08,229,,19,07,129,*79
$GLGSV,2,1,07,86,32,150,16,77,61,191,25,76,47,056,15,88,33,320,15*64
$GLGSV,2,2,07,87,82,265,26,78,14,213,,75,02,043,*5F
$GPGSA,A,3,02,12,24,25,29,32,,,,,,,1.3,1.0,0.9*32
$GPVTG,,T,,M,0.0,N,0.0,K,A*23
$GPRMC,174458,A,3436.559523,S,05823.175276,W,0.0,,171117,5.4,W,A*21
$GPGGA,174458,3436.559523,S,05823.175276,W,1,06,1.0,26.0,M,22.0,M,,*76
$GPGSV,3,1,10,02,55,082,22,12,62,167,30,24,00,000,17,25,40,226,22*73
$GPGSV,3,2,10,29,38,291,17,32,12,247,23,05,00,000,,06,30,126,*72
$GPGSV,3,3,10,14,08,229,,19,07,129,*79
$GLGSV,2,1,07,86,32,150,16,77,61,191,27,76,47,056,15,88,33,320,15*66
$GLGSV,2,2,07,87,82,265,25,78,14,213,,75,02,043,*5C
$GPGSA,A,3,02,12,24,25,29,32,,,,,,,1.3,1.0,0.9*32
$GPVTG,,T,,M,0.0,N,0.0,K,A*23
$GPRMC,174459,A,3436.559521,S,05823.175278,W,0.0,,171117,5.4,W,A*2C
$GPGGA,174459,3436.559521,S,05823.175278,W,1,06,1.0,26.0,M,22.0,M,,*7B
$GPGSV,3,1,10,02,55,082,23,12,62,167,28,24,00,000,17,25,40,226,18*72
$GPGSV,3,2,10,29,38,291,21,32,12,247,27,05,00,000,,06,30,126,*73
$GPGSV,3,3,10,14,08,229,,19,07,129,*79
$GLGSV,2,1,07,86,32,150,16,77,61,191,22,76,47,056,15,88,33,320,15*63
$GLGSV,2,2,07,87,82,265,27,78,14,213,,75,02,043,*5E
$GPGSA,A,3,02,12,24,25,29,32,,,,,,,1.4,1.1,0.9*34
$GPVTG,,T,,M,0.0,N,0.0,K,A*23
$GPRMC,174500,A,3436.559529,S,05823.175280,W,0.0,,171117,5.4,W,A*2E
$GPGGA,174500,3436.559529,S,05823.175280,W,1,06,1.1,26.0,M,22.0,M,,*78
$GPGSV,3,1,10,02,55,082,19,12,62,167,28,24,00,000,17,25,40,226,21*71
$GPGSV,3,2,10,29,38,291,21,32,12,247,26,05,00,000,,06,30,126,*72
$GPGSV,3,3,10,14,08,229,,19,07,129,*79
$GLGSV,2,1,07,86,32,150,15,77,61,191,21,76,47,056,15,88,33,320,15*63
$GLGSV,2,2,07,87,82,265,28,78,14,213,,75,02,043,*51
$GPGSA,A,3,02,12,24,25,29,32,,,,,,,1.5,1.2,0.9*36
$GPVTG,,T,,M,0.0,N,0.0,K,A*23
$GPRMC,174501,A,3436.559500,S,05823.175313,W,0.0,,171117,5.4,W,A*2F
$GPGGA,174501,3436.559500,S,05823.175313,W,1,06,1.2,26.0,M,22.0,M,,*7A
$GPGSV,3,1,10,02,55,082,23,12,62,167,29,24,00,000,17,25,40,226,27*7F
$GPGSV,3,2,10,29,38,291,20,32,12,247,27,05,00,000,,06,30,126,*72
$GPGSV,3,3,10,14,08,229,,19,07,129,*79
$GLGSV,2,1,07,86,32,150,15,77,61,191,20,76,47,056,15,88,33,320,12*65
$GLGSV,2,2,07,87,82,265,31,78,14,213,,75,02,043,*59
$GPGSA,A,3,02,12,24,25,29,32,,,,,,,1.4,1.1,0.9*34
$GPVTG,278.5,T,278.5,M,3.8,N,7.1,K,A*2E
$GPRMC,174502,A,3436.559408,S,05823.178690,W,3.8,278.5,171117,5.4,W,A*0B
$GPGGA,174502,3436.559408,S,05823.178690,W,1,06,1.1,25.0,M,22.0,M,,*73
$GPGSV,3,1,10,02,55,082,20,12,62,167,21,24,00,000,17,25,40,226,24*77
$GPGSV,3,2,10,29,38,291,22,32,12,247,24,05,00,000,,06,30,126,*73
$GPGSV,3,3,10,14,08,229,,19,07,129,*79
$GLGSV,2,1,07,86,32,150,17,77,61,191,19,76,47,056,12,88,33,320,12*6A
$GLGSV,2,2,07,87,82,265,25,78,14,213,,75,02,043,*5C
$GPGSA,A,3,02,12,24,25,29,32,,,,,,,1.3,1.0,0.9*32
$GPVTG,261.4,T,261.4,M,2.0,N,3.7,K,A*25
$GPRMC,174503,A,3436.560043,S,05823.180017,W,2.0,261.4,171117,5.4,W,A*05
$GPGGA,174503,3436.560043,S,05823.180017,W,1,06,1.0,23.0,M,22.0,M,,*7A
$GPGSV,3,1,10,02,55,082,19,12,62,167,22,24,00,000,17,25,40,226,24*7E
$GPGSV,3,2,10,29,38,291,21,32,12,247,25,05,00,000,,06,30,126,*71
$GPGSV,3,3,10,14,08,229,,19,07,129,*79
$GLGSV,2,1,07,86,32,150,17,77,61,191,23,76,47,056,12,88,33,320,12*63
$GLGSV,2,2,07,87,82,265,26,78,14,213,,75,02,043,*5F
$GPGSA,A,3,02,12,24,25,29,32,,,,,,,1.3,1.0,0.9*32
$GPVTG,236.4,T,236.4,M,1.1,N,2.0,K,A*21
$GPRMC,174504,A,3436.559181,S,05823.180732,W,1.1,236.4,171117,5.4,W,A*07
$GPGGA,174504,3436.559181,S,05823.180732,W,1,06,1.0,22.0,M,22.0,M,,*79
$GPGSV,3,1,10,02,55,082,26,12,62,167,33,24,00,000,15,25,40,226,24*70
$GPGSV,3,2,10,29,38,291,25,32,12,247,29,05,00,000,,06,30,126,*79
$GPGSV,3,3,10,14,08,229,,19,07,129,*79
$GLGSV,2,1,07,86,32,150,18,77,61,191,27,76,47,056,12,88,33,320,12*68
$GLGSV,2,2,07,87,82,265,30,78,14,213,,75,02,043,*58
$GPGSA,A,3,02,12,24,25,29,32,,,,,,,1.3,1.0,0.9*32
$GPVTG,252.5,T,252.5,M,2.0,N,3.7,K,A*25
$GPRMC,174505,A,3436.558829,S,05823.183282,W,2.0,252.5,171117,5.4,W,A*00
$GPGGA,174505,3436.558829,S,05823.183282,W,1,06,1.0,19.0,M,22.0,M,,*77
$GPGSV,3,1,10,02,55,082,26,12,62,167,34,24,00,000,21,25,40,226,28*7C
$GPGSV,3,2,10,29,38,291,21,32,12,247,35,05,00,000,,06,30,126,*70
$GPGSV,3,3,10,14,08,229,,19,07,129,*79
$GLGSV,2,1,07,86,32,150,19,77,61,191,28,76,47,056,12,88,33,320,16*62
$GLGSV,2,2,07,87,82,265,29,78,14,213,,75,02,043,*50
$GPGSA,A,3,02,12,24,25,29,32,,,,,,,1.3,1.0,0.9*32
$GPVTG,264.9,T,264.9,M,2.6,N,4.8,K,A*2B
$GPRMC,174506,A,3436.558310,S,05823.184602,W,2.6,264.9,171117,5.4,W,A*06
$GPGGA,174506,3436.558310,S,05823.184602,W,1,06,1.0,16.0,M,22.0,M,,*71
$GPGSV,3,1,10,02,55,082,23,12,62,167,31,24,00,000,21,25,40,226,26*72
$GPGSV,3,2,10,29,38,291,20,32,12,247,37,05,00,000,,06,30,126,*73
$GPGSV,3,3,10,14,08,229,,19,07,129,*79
$GLGSV,2,1,07,86,32,150,19,77,61,191,26,76,47,056,12,88,33,320,18*62
$GLGSV,2,2,07,87,82,265,27,78,14,213,,75,02,043,*5E
$GPGSA,A,3,02,12,24,25,29,32,,,,,,,1.3,1.0,0.9*32
$GPVTG,270.7,T,270.7,M,2.7,N,5.1,K,A*22
$GPRMC,174507,A,3436.558392,S,05823.186371,W,2.7,270.7,171117,5.4,W,A*04
$GPGGA,174507,3436.558392,S,05823.186371,W,1,06,1.0,15.0,M,22.0,M,,*7A
$GPGSV,3,1,10,02,55,082,27,12,62,167,33,24,00,000,17,25,40,226,29*7E
$GPGSV,3,2,10,29,38,291,22,32,12,247,29,05,00,000,,06,30,126,*7E
$GPGSV,3,3,10,14,08,229,,19,07,129,*79
$GLGSV,2,1,07,78,14,213,12,86,32,150,19,77,61,191,25,76,47,056,12*60
$GLGSV,2,2,07,88,33,320,18,87,82,265,25,75,02,043,*5E
$GPGSA,A,3,02,12,24,25,29,32,,,,,,,1.3,1.0,0.9*32
$GPVTG,255.2,T,255.2,M,2.9,N,5.3,K,A*2E
$GPRMC,174508,A,3436.558643,S,05823.188206,W,2.9,255.2,171117,5.4,W,A*01
$GPGGA,174508,3436.558643,S,05823.188206,W,1,06,1.0,13.0,M,22.0,M,,*75
$GPGSV,3,1,10,02,55,082,21,12,62,167,29,24,00,000,17,25,40,226,29*73
$GPGSV,3,2,10,29,38,291,22,32,12,247,20,05,00,000,,06,30,126,*77
$GPGSV,3,3,10,14,08,229,,19,07,129,*79
$GLGSV,2,1,07,78,14,213,12,86,32,150,19,77,61,191,25,76,47,056,12*60
$GLGSV,2,2,07,88,33,320,18,87,82,265,25,75,02,043,*5E
$GPGSA,A,3,02,12,24,25,29,32,,,,,,,1.5,1.2,0.9*36
$GPVTG,244.1,T,244.1,M,2.9,N,5.4,K,A*29
$GPRMC,174509,A,3436.559678,S,05823.189288,W,2.9,244.1,171117,5.4,W,A*0D
$GPGGA,174509,3436.559678,S,05823.189288,W,1,06,1.2,13.0,M,22.0,M,,*78
$GPGSV,3,1,10,02,55,082,25,12,62,167,30,24,00,000,17,25,40,226,32*75
$GPGSV,3,2,10,29,38,291,18,32,12,247,26,05,00,000,,06,30,126,*78
$GPGSV,3,3,10,14,08,229,,19,07,129,*79
$GLGSV,2,1,07,78,14,213,12,86,32,150,19,77,61,191,21,76,47,056,12*64
$GLGSV,2,2,07,88,33,320,18,87,82,265,25,75,02,043,*5E
$GPGSA,A,3,02,12,24,25,29,32,,,,,,,1.5,1.2,0.9*36
$GPVTG,251.1,T,251.1,M,3.9,N,7.2,K,A*2C
$GPRMC,174510,A,3436.560954,S,05823.191231,W,3.9,251.1,171117,5.4,W,A*00
$GPGGA,174510,3436.560954,S,05823.191231,W,1,06,1.2,13.0,M,22.0,M,,*70
$GPGSV,3,1,10,02,55,082,22,12,62,167,30,24,00,000,17,25,40,226,33*73
$GPGSV,3,2,10,29,38,291,18,32,12,247,26,05,00,000,,06,30,126,*78
$GPGSV,3,3,10,14,08,229,,19,07,129,*79
$GLGSV,2,1,07,78,14,213,12,86,32,150,19,77,61,191,26,76,47,056,12*63
$GLGSV,2,2,07,88,33,320,15,87,82,265,26,75,02,043,*50
$GPGSA,A,3,02,12,24,25,29,32,,,,,,,1.4,1.1,0.9*34
$GPVTG,260.2,T,260.2,M,3.1,N,5.8,K,A*2C
$GPRMC,174511,A,3436.560027,S,05823.192579,W,3.1,260.2,171117,5.4,W,A*0D
$GPGGA,174511,3436.560027,S,05823.192579,W,1,06,1.1,12.0,M,22.0,M,,*76
$GPGSV,3,1,10,02,55,082,20,12,62,167,31,24,00,000,17,25,40,226,32*71
$GPGSV,3,2,10,29,38,291,17,32,12,247,23,05,00,000,,06,30,126,*72
$GPGSV,3,3,10,14,08,229,,19,07,129,*79
$GLGSV,2,1,07,78,14,213,12,86,32,150,19,77,61,191,26,76,47,056,12*63
$GLGSV,2,2,07,88,33,320,15,87,82,265,26,75,02,043,*50
$GPGSA,A,3,02,12,24,25,29,32,,,,,,,1.4,1.1,0.9*34
$GPVTG,262.5,T,262.5,M,2.9,N,5.4,K,A*29
$GPRMC,174512,A,3436.560302,S,05823.193703,W,2.9,262.5,171117,5.4,W,A*08
$GPGGA,174512,3436.560302,S,05823.193703,W,1,06,1.1,11.0,M,22.0,M,,*7C
$GPGSV,3,1,10,02,55,082,26,12,62,167,33,24,00,000,14,25,40,226,33*77
$GPGSV,3,2,10,29,38,291,19,32,12,247,29,05,00,000,,06,30,126,*76
$GPGSV,3,3,10,14,08,229,,19,07,129,*79
$GLGSV,2,1,07,78,14,213,12,86,32,150,19,77,61,191,26,76,47,056,12*63
$GLGSV,2,2,07,88,33,320,15,87,82,265,27,75,02,043,*51
$GPGSA,A,3,02,12,24,25,29,32,,,,,,,1.4,1.1,0.9*34
$GPVTG,268.2,T,268.2,M,2.8,N,5.3,K,A*2F
$GPRMC,174513,A,3436.560863,S,05823.195149,W,2.8,268.2,171117,5.4,W,A*07
$GPGGA,174513,3436.560863,S,05823.195149,W,1,06,1.1,13.0,M,22.0,M,,*7D
$GPGSV,3,1,10,02,55,082,26,12,62,167,31,24,00,000,14,25,40,226,27*70
$GPGSV,3,2,10,29,38,291,19,32,12,247,30,05,00,000,,06,30,126,*7E
$GPGSV,3,3,10,14,08,229,,19,07,129,*79
$GLGSV,2,1,07,78,14,213,12,86,32,150,19,77,61,191,26,76,47,056,12*63
$GLGSV,2,2,07,88,33,320,15,87,82,265,28,75,02,043,*5E
$GPGSA,A,3,02,12,24,25,29,32,,,,,,,1.4,1.1,0.9*34
$GPVTG,285.6,T,285.6,M,2.8,N,5.1,K,A*2D
$GPRMC,174514,A,3436.560032,S,05823.196677,W,2.8,285.6,171117,5.4,W,A*02
$GPGGA,174514,3436.560032,S,05823.196677,W,1,06,1.1,12.0,M,22.0,M,,*7E
$GPGSV,3,1,10,02,55,082,20,12,62,167,30,24,00,000,14,25,40,226,23*73
$GPGSV,3,2,10,29,38,291,20,32,12,247,30,05,00,000,,06,30,126,*74
$GPGSV,3,3,10,14,08,229,,19,07,129,*79
$GLGSV,2,1,07,78,14,213,12,86,32,150,19,77,61,191,24,76,47,056,12*61
$GLGSV,2,2,07,88,33,320,15,87,82,265,26,75,02,043,*50
$GPGSA,A,3,02,12,24,25,29,32,,,,,,,1.4,1.1,0.9*34
$GPVTG,298.4,T,298.4,M,3.4,N,6.4,K,A*26
$GPRMC,174515,A,3436.557599,S,05823.198450,W,3.4,298.4,171117,5.4,W,A*09
$GPGGA,174515,3436.557599,S,05823.198450,W,1,06,1.1,12.0,M,22.0,M,,*76
$GPGSV,3,1,10,02,55,082,18,12,62,167,32,24,00,000,17,25,40,226,21*7B
$GPGSV,3,2,10,29,38,291,22,32,12,247,33,05,00,000,,06,30,126,*75
$GPGSV,3,3,10,14,08,229,,19,07,129,*79
$GLGSV,2,1,07,78,14,213,12,86,32,150,19,77,61,191,26,76,47,056,12*63
$GLGSV,2,2,07,88,33,320,15,87,82,265,28,75,02,043,*5E
$GPGSA,A,3,02,12,24,25,29,32,,,,,,,1.5,1.2,0.9*36
$GPVTG,278.0,T,278.0,M,3.2,N,5.9,K,A*2E
$GPRMC,174516,A,3436.558718,S,05823.199601,W,3.2,278.0,171117,5.4,W,A*05
$GPGGA,174516,3436.558718,S,05823.199601,W,1,06,1.2,11.0,M,22.0,M,,*76
$GPGSV,3,1,10,02,55,082,21,12,62,167,31,24,00,000,17,25,40,226,21*72
$GPGSV,3,2,10,29,38,291,22,32,12,247,31,05,00,000,,06,30,126,*77
$GPGSV,3,3,10,14,08,229,,19,07,129,*79
$GLGSV,2,1,07,78,14,213,12,86,32,150,19,77,61,191,25,76,47,056,12*60
$GLGSV,2,2,07,88,33,320,16,87,82,265,23,75,02,043,*56
$GPGSA,A,3,02,12,24,25,29,32,,,,,,,1.5,1.2,0.9*36
$GPVTG,293.2,T,293.2,M,2.0,N,3.7,K,A*25
$GPRMC,174517,A,3436.558210,S,05823.199367,W,2.0,293.2,171117,5.4,W,A*08
$GPGGA,174517,3436.558210,S,05823.199367,W,1,06,1.2,10.0,M,22.0,M,,*7E
$GPGSV,3,1,10,02,55,082,24,12,62,167,34,24,00,000,17,25,40,226,24*77
$GPGSV,3,2,10,29,38,291,23,32,12,247,31,05,00,000,,06,30,126,*76
$GPGSV,3,3,10,14,08,229,,19,07,129,*79
$GLGSV,2,1,07,78,14,213,12,86,32,150,19,77,61,191,28,76,47,056,12*6D
$GLGSV,2,2,07,88,33,320,21,87,82,265,26,75,02,043,*57
$GPGSA,A,3,02,12,24,25,29,32,,,,,,,1.5,1.2,0.9*36
$GPVTG,236.6,T,236.6,M,2.6,N,4.8,K,A*2B
$GPRMC,174518,A,3436.561700,S,05823.199821,W,2.6,236.6,171117,5.4,W,A*0D
$GPGGA,174518,3436.561700,S,05823.199821,W,1,06,1.2,8.0,M,22.0,M,,*4F
$GPGSV,3,1,10,02,55,082,21,12,62,167,31,24,00,000,20,25,40,226,27*70
$GPGSV,3,2,10,29,38,291,22,32,12,247,26,05,00,000,,06,30,126,*71
$GPGSV,3,3,10,14,08,229,,19,07,129,*79
$GLGSV,2,1,07,78,14,213,12,86,32,150,19,77,61,191,26,76,47,056,12*63
$GLGSV,2,2,07,88,33,320,21,87,82,265,26,75,02,043,*57
$GPGSA,A,3,02,12,24,25,29,32,,,,,,,1.5,1.2,0.9*36
$GPVTG,264.7,T,264.7,M,2.4,N,4.4,K,A*25
$GPRMC,174519,A,3436.560837,S,05823.201638,W,2.4,264.7,171117,5.4,W,A*06
$GPGGA,174519,3436.560837,S,05823.201638,W,1,06,1.2,10.0,M,22.0,M,,*79
$GPGSV,3,1,10,02,55,082,21,12,62,167,29,24,00,000,20,25,40,226,24*7A
$GPGSV,3,2,10,29,38,291,22,32,12,247,26,05,00,000,,06,30,126,*71
$GPGSV,3,3,10,14,08,229,,19,07,129,*79
$GLGSV,2,1,07,78,14,213,12,86,32,150,19,77,61,191,22,76,47,056,12*67
$GLGSV,2,2,07,88,33,320,21,87,82,265,25,75,02,043,*54
$GPGSA,A,3,02,12,24,25,29,32,,,,,,,1.5,1.2,0.9*36
$GPVTG,260.1,T,260.1,M,2.4,N,4.5,K,A*24
$GPRMC,174520,A,3436.561218,S,05823.202278,W,2.4,260.1,171117,5.4,W,A*0B
$GPGGA,174520,3436.561218,S,05823.202278,W,1,06,1.2,9.0,M,22.0,M,,*4E
$GPGSV,3,1,10,02,55,082,19,12,62,167,31,24,00,000,17,25,40,226,25*7D
$GPGSV,3,2,10,29,38,291,19,32,12,247,30,05,00,000,,06,30,126,*7E
$GPGSV,3,3,10,14,08,229,,19,07,129,*79
$GLGSV,2,1,07,78,14,213,12,86,32,150,19,77,61,191,26,76,47,056,12*63
$GLGSV,2,2,07,88,33,320,15,87,82,265,28,75,02,043,*5E
$GPGSA,A,3,02,12,24,25,29,32,,,,,,,1.5,1.2,0.9*36
$GPVTG,272.2,T,272.2,M,2.9,N,5.3,K,A*2E
$GPRMC,174521,A,3436.560235,S,05823.203674,W,2.9,272.2,171117,5.4,W,A*00
$GPGGA,174521,3436.560235,S,05823.203674,W,1,06,1.2,8.0,M,22.0,M,,*49
$GPGSV,3,1,10,02,55,082,18,12,62,167,33,24,00,000,17,25,40,226,32*78
$GPGSV,3,2,10,29,38,291,20,32,12,247,29,05,00,000,,06,30,126,*7C
$GPGSV,3,3,10,14,08,229,,19,07,129,*79
$GLGSV,2,1,07,78,14,213,12,86,32,150,19,77,61,191,24,76,47,056,12*61
$GLGSV,2,2,07,88,33,320,15,87,82,265,26,75,02,043,*50
$GPGSA,A,3,02,12,24,25,29,32,,,,,,,1.5,1.2,0.9*36
$GPVTG,303.7,T,303.7,M,3.7,N,6.9,K,A*28
$GPRMC,174522,A,3436.557598,S,05823.206071,W,3.7,303.7,171117,5.4,W,A*0C
$GPGGA,174522,3436.557598,S,05823.206071,W,1,06,1.2,10.0,M,22.0,M,,*71
$GPGSV,3,1,10,02,55,082,18,12,62,167,28,24,00,000,16,25,40,226,29*79
$GPGSV,3,2,10,29,38,291,20,32,12,247,19,05,00,000,,06,30,126,*7F
$GPGSV,3,3,10,14,08,229,,19,07,129,*79
$GLGSV,2,1,07,78,14,213,12,86,32,150,19,77,61,191,22,76,47,056,12*67
$GLGSV,2,2,07,88,33,320,16,87,82,265,25,75,02,043,*50
$GPGSA,A,3,02,12,24,25,29,32,,,,,,,1.5,1.2,0.9*36
$GPVTG,299.8,T,299.8,M,1.6,N,3.0,K,A*27
$GPRMC,174523,A,3436.558833,S,05823.206799,W,1.6,299.8,171117,5.4,W,A*01
$GPGGA,174523,3436.558833,S,05823.206799,W,1,06,1.2,10.0,M,22.0,M,,*72
$GPGSV,3,1,10,02,55,082,19,12,62,167,32,24,00,000,16,25,40,226,33*78
$GPGSV,3,2,10,29,38,291,17,32,12,247,26,05,00,000,,06,30,126,*77
$GPGSV,3,3,10,14,08,229,,19,07,129,*79
$GLGSV,2,1,06,78,14,213,12,86,32,150,19,77,61,191,25,88,33,320,16*65
$GLGSV,2,2,06,87,82,265,24,75,02,043,*66
$GPGSA,A,3,02,12,24,25,29,32,,,,,,,1.5,1.2,0.9*36
$GPVTG,281.6,T,281.6,M,3.9,N,7.2,K,A*2C
$GPRMC,174524,A,3436.557937,S,05823.208568,W,3.9,281.6,171117,5.4,W,A*04
$GPGGA,174524,3436.557937,S,05823.208568,W,1,06,1.2,11.0,M,22.0,M,,*7C
$GPGSV,3,1,10,02,55,082,18,12,62,167,28,24,00,000,16,25,40,226,25*75
$GPGSV,3,2,10,29,38,291,17,32,12,247,22,05,00,000,,06,30,126,*73
$GPGSV,3,3,10,14,08,229,,19,07,129,*79
$GLGSV,2,1,07,78,14,213,12,86,32,150,19,77,61,191,23,88,33,320,16*62
$GLGSV,2,2,07,87,82,265,22,76,47,056,,75,02,043,*50
$GPGSA,A,3,02,12,24,25,29,32,,,,,,,1.5,1.2,0.9*36
$GPVTG,281.2,T,281.2,M,3.8,N,7.0,K,A*2F
$GPRMC,174525,A,3436.557768,S,05823.210024,W,3.8,281.2,171117,5.4,W,A*00
$GPGGA,174525,3436.557768,S,05823.210024,W,1,06,1.2,11.0,M,22.0,M,,*7D
$GPGSV,3,1,10,02,55,082,19,12,62,167,28,24,00,000,16,25,40,226,29*78
$GPGSV,3,2,10,29,38,291,17,32,12,247,21,05,00,000,,06,30,126,*70
$GPGSV,3,3,10,14,08,229,,19,07,129,*79
$GLGSV,2,1,07,78,14,213,12,86,32,150,19,77,61,191,24,88,33,320,15*66
$GLGSV,2,2,07,87,82,265,23,76,47,056,,75,02,043,*51
$GPGSA,A,3,02,12,24,25,29,32,,,,,,,1.5,1.2,0.9*36
$GPVTG,296.1,T,296.1,M,3.5,N,6.6,K,A*25
$GPRMC,174526,A,3436.556471,S,05823.211632,W,3.5,296.1,171117,5.4,W,A*01
$GPGGA,174526,3436.556471,S,05823.211632,W,1,06,1.2,13.0,M,22.0,M,,*76
$GPGSV,3,1,10,02,55,082,18,12,62,167,29,24,00,000,16,25,40,226,29*78
$GPGSV,3,2,10,29,38,291,16,32,12,247,26,05,00,000,,06,30,126,*76
$GPGSV,3,3,10,14,08,229,,19,07,129,*79
$GLGSV,2,1,07,78,14,213,13,86,32,150,19,77,61,191,24,88,33,320,15*67
$GLGSV,2,2,07,87,82,265,26,76,47,056,,75,02,043,*54
$GPGSA,A,3,02,12,24,25,29,32,,,,,,,1.4,1.1,0.9*34
$GPVTG,279.8,T,279.8,M,2.4,N,4.5,K,A*24
$GPRMC,174527,A,3436.556876,S,05823.212485,W,2.4,279.8,171117,5.4,W,A*0E
$GPGGA,174527,3436.556876,S,05823.212485,W,1,06,1.1,14.0,M,22.0,M,,*75
$GPGSV,3,1,10,02,55,082,18,12,62,167,32,24,00,000,16,25,40,226,27*7C
$GPGSV,3,2,10,29,38,291,19,32,12,247,29,05,00,000,,06,30,126,*76
$GPGSV,3,3,10,14,08,229,,19,07,129,*79
$GLGSV,2,1,07,78,14,213,19,86,32,150,19,77,61,191,26,88,33,320,15*6F
$GLGSV,2,2,07,87,82,265,28,76,47,056,,75,02,043,*5A
$GPGSA,A,3,02,12,24,25,29,32,,,,,,,1.4,1.1,0.9*34
$GPVTG,281.6,T,281.6,M,3.4,N,6.3,K,A*21
$GPRMC,174528,A,3436.556228,S,05823.214034,W,3.4,281.6,171117,5.4,W,A*00
$GPGGA,174528,3436.556228,S,05823.214034,W,1,06,1.1,14.0,M,22.0,M,,*73
$GPGSV,3,1,10,02,55,082,23,12,62,167,28,24,00,000,16,25,40,226,26*7E
$GPGSV,3,2,10,29,38,291,18,32,12,247,31,05,00,000,,06,30,126,*7E
$GPGSV,3,3,10,14,08,229,,19,07,129,*79
$GLGSV,2,1,07,78,14,213,19,86,32,150,19,77,61,191,24,88,33,320,15*6D
$GLGSV,2,2,07,87,82,265,27,76,47,056,,75,02,043,*55
$GPGSA,A,3,02,12,24,25,29,32,,,,,,,1.5,1.2,0.9*36
$GPVTG,290.3,T,290.3,M,3.0,N,5.5,K,A*20
$GPRMC,174529,A,3436.555193,S,05823.215245,W,3.0,290.3,171117,5.4,W,A*05
$GPGGA,174529,3436.555193,S,05823.215245,W,1,06,1.2,14.0,M,22.0,M,,*74
$GPGSV,3,1,10,02,55,082,25,12,62,167,29,24,00,000,16,25,40,226,31*7F
$GPGSV,3,2,10,29,38,291,18,32,12,247,27,05,00,000,,06,30,126,*79
$GPGSV,3,3,10,14,08,229,,19,07,129,*79
$GLGSV,2,1,07,78,14,213,17,86,32,150,19,77,61,191,23,88,33,320,15*64
$GLGSV,2,2,07,87,82,265,26,76,47,056,,75,02,043,*54
$GPGSA,A,3,02,12,24,25,29,32,,,,,,,1.5,1.2,0.9*36
$GPVTG,301.4,T,301.4,M,3.2,N,6.0,K,A*24
$GPRMC,174530,A,3436.553898,S,05823.215680,W,3.2,301.4,171117,5.4,W,A*08
$GPGGA,174530,3436.553898,S,05823.215680,W,1,06,1.2,13.0,M,22.0,M,,*72
$GPGSV,3,1,10,02,55,082,20,12,62,167,30,24,00,000,16,25,40,226,30*73
$GPGSV,3,2,10,29,38,291,19,32,12,247,24,05,00,000,,06,30,126,*7B
$GPGSV,3,3,10,14,08,229,,19,07,129,*79
$GLGSV,2,1,06,78,14,213,18,77,61,191,21,88,33,320,15,87,82,265,24*69
$GLGSV,2,2,06,76,47,056,,75,02,043,*65
$GPGSA,A,3,02,12,24,25,29,32,,,,,,,1.5,1.2,0.9*36
$GPVTG,305.9,T,305.9,M,3.5,N,6.6,K,A*25
$GPRMC,174531,A,3436.552581,S,05823.216614,W,3.5,305.9,171117,5.4,W,A*0D
$GPGGA,174531,3436.552581,S,05823.216614,W,1,06,1.2,13.0,M,22.0,M,,*79
$GPGSV,3,1,10,02,55,082,20,12,62,167,30,24,00,000,16,25,40,226,32*71
$GPGSV,3,2,10,29,38,291,21,32,12,247,24,05,00,000,,06,30,126,*70
$GPGSV,3,3,10,14,08,229,,19,07,129,*79
$GLGSV,2,1,07,78,14,213,18,77,61,191,19,88,33,320,15,87,82,265,26*61
$GLGSV,2,2,07,86,32,150,,76,47,056,,75,02,043,*5F
$GPGSA,A,3,02,12,24,25,29,32,,,,,,,1.7,1.5,0.9*33
$GPVTG,285.4,T,285.4,M,2.8,N,5.2,K,A*2E
$GPRMC,174532,A,3436.554550,S,05823.217878,W,2.8,285.4,171117,5.4,W,A*09
$GPGGA,174532,3436.554550,S,05823.217878,W,1,06,1.5,14.0,M,22.0,M,,*75
$GPGSV,3,1,10,02,55,082,20,12,62,167,26,24,00,000,16,25,40,226,29*7C
$GPGSV,3,2,10,29,38,291,20,32,12,247,29,05,00,000,,06,30,126,*7C
$GPGSV,3,3,10,14,08,229,,19,07,129,*79
$GLGSV,2,1,07,78,14,213,18,77,61,191,19,88,33,320,15,87,82,265,24*63
$GLGSV,2,2,07,86,32,150,,76,47,056,,75,02,043,*5F
$GPGSA,A,3,02,12,24,25,29,32,,,,,,,1.7,1.5,0.9*33
$GPVTG,261.5,T,261.5,M,3.0,N,5.5,K,A*20
$GPRMC,174533,A,3436.556817,S,05823.219383,W,3.0,261.5,171117,5.4,W,A*07
$GPGGA,174533,3436.556817,S,05823.219383,W,1,06,1.5,15.0,M,22.0,M,,*78
$GPGSV,3,1,10,02,55,082,18,12,62,167,27,24,00,000,16,25,40,226,29*76
$GPGSV,3,2,10,29,38,291,21,32,12,247,28,05,00,000,,06,30,126,*7C
$GPGSV,3,3,10,14,08,229,,19,07,129,*79
$GLGSV,2,1,07,78,14,213,18,77,61,191,22,88,33,320,15,87,82,265,24*6B
$GLGSV,2,2,07,86,32,150,,76,47,056,,75,02,043,*5F
$GPGSA,A,3,02,12,24,25,29,32,,,,,,,1.7,1.5,0.9*33
$GPVTG,266.0,T,266.0,M,3.0,N,5.6,K,A*23
$GPRMC,174534,A,3436.556716,S,05823.220887,W,3.0,266.0,171117,5.4,W,A*09
$GPGGA,174534,3436.556716,S,05823.220887,W,1,06,1.5,15.0,M,22.0,M,,*74
$GPGSV,3,1,10,02,55,082,18,12,62,167,22,24,00,000,16,25,40,226,25*7F
$GPGSV,3,2,10,29,38,291,21,32,12,247,26,05,00,000,,06,30,126,*72
$GPGSV,3,3,10,14,08,229,,19,07,129,*79
$GLGSV,2,1,07,78,14,213,18,77,61,191,21,88,33,320,15,87,82,265,21*6D
$GLGSV,2,2,07,86,32,150,,76,47,056,,75,02,043,*5F
$GPGSA,A,3,02,12,24,25,29,32,,,,,,,1.7,1.5,0.9*33
$GPVTG,264.9,T,264.9,M,2.8,N,5.2,K,A*2E
$GPRMC,174535,A,3436.556982,S,05823.221694,W,2.8,264.9,171117,5.4,W,A*04
$GPGGA,174535,3436.556982,S,05823.221694,W,1,06,1.5,15.0,M,22.0,M,,*7B
$GPGSV,3,1,10,02,55,082,18,12,62,167,25,24,00,000,16,25,40,226,30*7C
$GPGSV,3,2,10,29,38,291,18,32,12,247,31,05,00,000,,06,30,126,*7E
$GPGSV,3,3,10,14,08,229,,19,07,129,*79
$GLGSV,2,1,07,78,14,213,18,77,61,191,22,88,33,320,15,87,82,265,24*6B
$GLGSV,2,2,07,86,32,150,,76,47,056,,75,02,043,*5F
$GPGSA,A,3,02,12,24,25,29,32,,,,,,,1.7,1.5,0.9*33
$GPVTG,266.4,T,266.4,M,3.1,N,5.7,K,A*23
$GPRMC,174536,A,3436.556627,S,05823.223389,W,3.1,266.4,171117,5.4,W,A*0B
$GPGGA,174536,3436.556627,S,05823.223389,W,1,06,1.5,15.0,M,22.0,M,,*73
$GPGSV,3,1,10,02,55,082,16,12,62,167,27,24,00,000,16,25,40,226,33*73
$GPGSV,3,2,10,29,38,291,25,32,12,247,35,05,00,000,,06,30,126,*74
$GPGSV,3,3,10,14,08,229,,19,07,129,*79
$GLGSV,2,1,07,78,14,213,18,77,61,191,22,88,33,320,15,87,82,265,29*66
$GLGSV,2,2,07,86,32,150,,76,47,056,,75,02,043,*5F
$GPGSA,A,3,02,12,24,25,29,32,,,,,,,1.9,1.6,0.9*3E
$GPVTG,270.5,T,270.5,M,3.0,N,5.5,K,A*20
$GPRMC,174537,A,3436.557327,S,05823.224735,W,3.0,270.5,171117,5.4,W,A*0D
$GPGGA,174537,3436.557327,S,05823.224735,W,1,06,1.6,14.0,M,22.0,M,,*70
$GPGSV,3,1,10,02,55,082,16,12,62,167,26,24,00,000,16,25,40,226,33*72
$GPGSV,3,2,10,29,38,291,24,32,12,247,29,05,00,000,,06,30,126,*78
$GPGSV,3,3,10,14,08,229,,19,07,129,*79
$GLGSV,2,1,07,78,14,213,18,77,61,191,25,88,33,320,15,87,82,265,27*6F
$GLGSV,2,2,07,86,32,150,,76,47,056,,75,02,043,*5F
$GPGSA,A,3,02,12,24,25,29,32,,,,,,,1.9,1.6,0.9*3E
$GPVTG,299.4,T,299.4,M,2.5,N,4.5,K,A*25
$GPRMC,174538,A,3436.556106,S,05823.225555,W,2.5,299.4,171117,5.4,W,A*05
$GPGGA,174538,3436.556106,S,05823.225555,W,1,06,1.6,14.0,M,22.0,M,,*7A
$GPGSV,3,1,10,02,55,082,16,12,62,167,26,24,00,000,16,25,40,226,31*70
$GPGSV,3,2,10,29,38,291,22,32,12,247,27,05,00,000,,06,30,126,*70
$GPGSV,3,3,10,14,08,229,,19,07,129,*79
$GLGSV,2,1,07,78,14,213,18,77,61,191,24,88,33,320,15,87,82,265,24*6D
$GLGSV,2,2,07,86,32,150,,76,47,056,,75,02,043,*5F
$GPGSA,A,3,02,12,24,25,29,32,,,,,,,1.9,1.6,0.9*3E
$GPVTG,299.2,T,299.2,M,3.1,N,5.7,K,A*23
$GPRMC,174539,A,3436.555941,S,05823.227249,W,3.1,299.2,171117,5.4,W,A*07
$GPGGA,174539,3436.555941,S,05823.227249,W,1,06,1.6,14.0,M,22.0,M,,*7B
$GPGSV,3,1,10,02,55,082,16,12,62,167,31,24,00,000,15,25,40,226,35*71
$GPGSV,3,2,10,29,38,291,32,32,12,247,34,05,00,000,,06,30,126,*73
$GPGSV,3,3,10,14,08,229,,19,07,129,*79
$GLGSV,2,1,07,78,14,213,18,77,61,191,26,88,33,320,24,87,82,265,23*6A
$GLGSV,2,2,07,86,32,150,,76,47,056,,75,02,043,*5F
$GPGSA,A,3,02,12,24,25,29,32,,,,,,,1.5,1.2,0.9*36
$GPVTG,266.3,T,266.3,M,2.2,N,4.0,K,A*27
$GPRMC,174540,A,3436.555832,S,05823.227693,W,2.2,266.3,171117,5.4,W,A*0C
$GPGGA,174540,3436.555832,S,05823.227693,W,1,06,1.2,13.0,M,22.0,M,,*70
$GPGSV,3,1,10,02,55,082,15,12,62,167,30,24,00,000,27,25,40,226,33*74
$GPGSV,3,2,10,29,38,291,30,32,12,247,37,05,00,000,,06,30,126,*72
$GPGSV,3,3,10,14,08,229,,19,07,129,*79
$GLGSV,2,1,07,78,14,213,12,77,61,191,24,88,33,320,26,87,82,265,25*66
$GLGSV,2,2,07,86,32,150,,76,47,056,,75,02,043,*5F
$GPGSA,A,3,02,12,24,25,29,32,,,,,,,1.5,1.2,0.9*36
$GPVTG,302.1,T,302.1,M,2.3,N,4.3,K,A*25
$GPRMC,174541,A,3436.556762,S,05823.229143,W,2.3,302.1,171117,5.4,W,A*00
$GPGGA,174541,3436.556762,S,05823.229143,W,1,06,1.2,13.0,M,22.0,M,,*7C
$GPGSV,3,1,10,02,55,082,15,12,62,167,28,24,00,000,27,25,40,226,30*7E
$GPGSV,3,2,10,29,38,291,23,32,12,247,35,05,00,000,,06,30,126,*72
$GPGSV,3,3,10,14,08,229,,19,07,129,*79
$GLGSV,2,1,07,78,14,213,12,77,61,191,22,88,33,320,26,87,82,265,24*61
$GLGSV,2,2,07,86,32,150,,76,47,056,,75,02,043,*5F
$GPGSA,A,3,02,12,24,25,29,32,,,,,,,1.5,1.2,0.9*36
$GPVTG,313.8,T,313.8,M,2.7,N,5.0,K,A*23
$GPRMC,174542,A,3436.556563,S,05823.229887,W,2.7,313.8,171117,5.4,W,A*0C
$GPGGA,174542,3436.556563,S,05823.229887,W,1,06,1.2,12.0,M,22.0,M,,*7C
$GPGSV,3,1,10,02,55,082,18,12,62,167,28,24,00,000,22,25,40,226,31*77
$GPGSV,3,2,10,29,38,291,30,32,12,247,33,05,00,000,,06,30,126,*76
$GPGSV,3,3,10,14,08,229,,19,07,129,*79
$GLGSV,2,1,07,78,14,213,12,77,61,191,22,88,33,320,29,87,82,265,23*69
$GLGSV,2,2,07,86,32,150,,76,47,056,,75,02,043,*5F
$GPGSA,A,3,02,12,24,25,29,32,,,,,,,1.5,1.2,0.9*36
$GPVTG,300.9,T,300.9,M,3.0,N,5.5,K,A*20
$GPRMC,174543,A,3436.555470,S,05823.230859,W,3.0,300.9,171117,5.4,W,A*03
$GPGGA,174543,3436.555470,S,05823.230859,W,1,06,1.2,11.0,M,22.0,M,,*75
$GPGSV,3,1,10,02,55,082,18,12,62,167,23,24,00,000,25,25,40,226,28*73
$GPGSV,3,2,10,29,38,291,31,32,12,247,31,05,00,000,,06,30,126,*75
$GPGSV,3,3,10,14,08,229,,19,07,129,*79
$GLGSV,2,1,07,78,14,213,12,77,61,191,21,76,47,056,13,88,33,320,24*61
$GLGSV,2,2,07,87,82,265,21,86,32,150,,75,02,043,*59
$GPGSA,A,3,02,12,24,25,29,32,,,,,,,1.4,1.1,0.9*34
$GPVTG,304.4,T,304.4,M,2.7,N,5.0,K,A*23
$GPRMC,174544,A,3436.555514,S,05823.231377,W,2.7,304.4,171117,5.4,W,A*0E
$GPGGA,174544,3436.555514,S,05823.231377,W,1,06,1.1,11.0,M,22.0,M,,*74
$GPGSV,3,1,10,02,55,082,19,12,62,167,24,24,00,000,29,25,40,226,30*70
$GPGSV,3,2,10,29,38,291,36,32,12,247,29,05,00,000,,06,30,126,*7B
$GPGSV,3,3,10,14,08,229,,19,07,129,*79
$GLGSV,2,1,07,78,14,213,12,77,61,191,19,76,47,056,13,88,33,320,26*68
$GLGSV,2,2,07,87,82,265,25,86,32,150,,75,02,043,*5D
$GPGSA,A,3,02,12,24,25,29,32,,,,,,,1.4,1.1,0.9*34
$GPVTG,307.8,T,307.8,M,3.4,N,6.3,K,A*21
$GPRMC,174545,A,3436.553960,S,05823.231932,W,3.4,307.8,171117,5.4,W,A*00
$GPGGA,174545,3436.553960,S,05823.231932,W,1,06,1.1,10.0,M,22.0,M,,*76
$GPGSV,3,1,10,02,55,082,19,12,62,167,18,24,00,000,24,25,40,226,20*73
$GPGSV,3,2,10,29,38,291,29,32,12,247,18,05,00,000,,06,30,126,*77
$GPGSV,3,3,10,14,08,229,,19,07,129,*79
$GLGSV,2,1,07,78,14,213,15,86,32,150,16,77,61,191,18,76,47,056,13*67
$GLGSV,2,2,07,88,33,320,21,87,82,265,18,75,02,043,*5A
$GPGSA,A,3,02,12,24,25,29,32,,,,,,,1.2,0.9,0.8*3A
$GPVTG,319.5,T,319.5,M,0.8,N,1.5,K,A*2F
$GPRMC,174546,A,3436.553618,S,05823.231798,W,0.8,319.5,171117,5.4,W,A*00
$GPGGA,174546,3436.553618,S,05823.231798,W,1,06,0.9,10.0,M,22.0,M,,*72
$GPGSV,3,1,10,02,55,082,19,12,62,167,22,24,00,000,23,25,40,226,21*7C
$GPGSV,3,2,10,29,38,291,30,32,12,247,23,05,00,000,,06,30,126,*77
$GPGSV,3,3,10,14,08,229,,19,07,129,*79
$GLGSV,2,1,07,78,14,213,19,86,32,150,15,77,61,191,20,76,47,056,12*62
$GLGSV,2,2,07,88,33,320,25,87,82,265,23,75,02,043,*56
$GPGSA,A,3,02,12,24,25,29,32,,,,,,,1.2,0.9,0.8*3A
$GPVTG,334.7,T,334.7,M,0.9,N,1.6,K,A*2D
$GPRMC,174547,A,3436.553063,S,05823.231692,W,0.9,334.7,171117,5.4,W,A*0C
$GPGGA,174547,3436.553063,S,05823.231692,W,1,06,0.9,10.0,M,22.0,M,,*72
$GPGSV,3,1,10,02,55,082,19,12,62,167,19,24,00,000,23,25,40,226,19*7F
$GPGSV,3,2,10,29,38,291,27,32,12,247,26,05,00,000,,06,30,126,*74
$GPGSV,3,3,10,14,08,229,,19,07,129,*79
$GLGSV,2,1,07,78,14,213,19,86,32,150,16,77,61,191,20,76,47,056,13*60
$GLGSV,2,2,07,88,33,320,20,87,82,265,18,75,02,043,*5B
$GPGSA,A,3,02,12,24,25,29,32,,,,,,,1.2,0.9,0.8*3A
$GPVTG,357.6,T,357.6,M,0.8,N,1.4,K,A*2E
$GPRMC,174548,A,3436.552650,S,05823.231474,W,0.8,357.6,171117,5.4,W,A*0B
$GPGGA,174548,3436.552650,S,05823.231474,W,1,06,0.9,10.0,M,22.0,M,,*70
$GPGSV,3,1,10,02,55,082,15,12,62,167,21,24,00,000,17,25,40,226,21*74
$GPGSV,3,2,10,29,38,291,23,32,12,247,22,05,00,000,,06,30,126,*74
$GPGSV,3,3,10,14,08,229,,19,07,129,*79
$GLGSV,2,1,07,78,14,213,19,86,32,150,15,77,61,191,16,76,47,056,13*66
$GLGSV,2,2,07,88,33,320,20,87,82,265,18,75,02,043,*5B
$GPGSA,A,3,02,12,24,25,29,32,,,,,,,1.2,0.9,0.8*3A
$GPVTG,308.9,T,308.9,M,0.6,N,1.1,K,A*25
$GPRMC,174549,A,3436.552550,S,05823.232046,W,0.6,308.9,171117,5.4,W,A*04
$GPGGA,174549,3436.552550,S,05823.232046,W,1,06,0.9,9.0,M,22.0,M,,*4C
$GPGSV,3,1,10,02,55,082,15,12,62,167,19,24,00,000,17,25,40,226,19*74
$GPGSV,3,2,10,29,38,291,26,32,12,247,25,05,00,000,,06,30,126,*76
$GPGSV,3,3,10,14,08,229,,19,07,129,*79
$GLGSV,2,1,07,78,14,213,19,86,32,150,15,77,61,191,16,76,47,056,13*66
$GLGSV,2,2,07,88,33,320,19,87,82,265,22,75,02,043,*58
$GPGSA,A,3,02,12,24,25,29,32,,,,,,,1.2,0.9,0.8*3A
$GPVTG,29.7,T,29.7,M,1.9,N,3.6,K,A*2E
$GPRMC,174550,A,3436.551277,S,05823.230899,W,1.9,29.7,171117,5.4,W,A*35
$GPGGA,174550,3436.551277,S,05823.230899,W,1,06,0.9,9.0,M,22.0,M,,*4D
$GPGSV,3,1,10,02,55,082,17,12,62,167,21,24,00,000,17,25,40,226,24*73
$GPGSV,3,2,10,29,38,291,28,32,12,247,22,05,00,000,,06,30,126,*7F
$GPGSV,3,3,10,14,08,229,,19,07,129,*79
$GLGSV,2,1,07,78,14,213,19,86,32,150,15,77,61,191,16,76,47,056,13*66
$GLGSV,2,2,07,88,33,320,23,87,82,265,21,75,02,043,*52
$GPGSA,A,3,02,12,24,25,29,32,,,,,,,1.2,0.9,0.8*3A
$GPVTG,19.2,T,19.2,M,1.9,N,3.6,K,A*2E
$GPRMC,174551,A,3436.550816,S,05823.230718,W,1.9,19.2,171117,5.4,W,A*38
$GPGGA,174551,3436.550816,S,05823.230718,W,1,06,0.9,9.0,M,22.0,M,,*46
$GPGSV,3,1,10,02,55,082,17,12,62,167,20,24,00,000,15,25,40,226,22*76
$GPGSV,3,2,10,29,38,291,28,32,12,247,18,05,00,000,,06,30,126,*76
$GPGSV,3,3,10,14,08,229,,19,07,129,*79
$GLGSV,2,1,07,78,14,213,19,86,32,150,13,77,61,191,16,76,47,056,19*6A
$GLGSV,2,2,07,88,33,320,21,87,82,265,19,75,02,043,*5B
$GPGSA,A,3,02,12,24,25,29,32,,,,,,,1.2,0.9,0.8*3A
$GPVTG,23.2,T,23.2,M,2.5,N,4.6,K,A*26
$GPRMC,174552,A,3436.549240,S,05823.230373,W,2.5,23.2,171117,5.4,W,A*35
$GPGGA,174552,3436.549240,S,05823.230373,W,1,06,0.9,9.0,M,22.0,M,,*4D
$GPGSV,3,1,10,02,55,082,17,12,62,167,21,24,00,000,19,25,40,226,20*79
$GPGSV,3,2,10,29,38,291,29,32,12,247,22,05,00,000,,06,30,126,*7E
$GPGSV,3,3,10,14,08,229,,19,07,129,*79
$GLGSV,2,1,07,78,14,213,13,86,32,150,13,77,61,191,16,76,47,056,23*69
$GLGSV,2,2,07,88,33,320,24,87,82,265,20,75,02,043,*54
$GPGSA,A,3,02,12,24,25,29,32,,,,,,,1.2,0.9,0.8*3A
$GPVTG,299.8,T,299.8,M,1.1,N,2.1,K,A*20
$GPRMC,174553,A,3436.549611,S,05823.229688,W,1.1,299.8,171117,5.4,W,A*03
$GPGGA,174553,3436.549611,S,05823.229688,W,1,06,0.9,7.0,M,22.0,M,,*4B
